40
12
36
0
8
28
20
4
32
16
24
84
80
76
72
60
64
56
52
44
68
48
116
128
112
104
124
108
88
96
3
92
100
120
15
19
7
11
23
39
27
31
43
35
2355
2375
2359
2367
2347
2371
2363
2351
176
2349
2353
2369
2357
2361
2345
2337
2333
2341
2373
2365
2343
180
132
2339
55
79
67
51
136
184
59
87
71
63
2335
172
83
75
47
168
144
160
156
140
188
264
152
164
192
148
196
204
200
46
86
82
78
208
58
114
74
66
50
54
268
62
70
126
216
276
110
94
102
348
98
344
122
320
328
272
118
106
340
212
332
336
436
324
364
360
90
352
130
220
