523
507
491
347
475
459
331
315
443
267
251
299
283
51
427
35
235
203
187
67
47
219
19
15
83
79
163
31
99
115
3
411
63
147
111
95
131
127
143
159
155
139
171
379
175
395
123
107
363
91
75
43
59
27
11
7
23
39
55
71
271
335
135
227
103
119
291
243
351
223
319
195
255
259
215
307
303
167
151
191
207
555
275
287
295
339
179
211
239
323
231
311
199
247
263
635
279
539
683
327
571
603
183
343
699
619
587
667
651
359
375
423
407
391
471
439
487
503
519
455
387
467
87
355
371
435
451
403
419
499
483
515
583
535
567
679
631
695
647
551
599
663
711
727
775
807
743
759
615
855
791
823
839
871
887
935
999
1031
951
919
1015
1047
903
967
859
875
843
827
811
779
763
983
795
747
367
431
715
731
383
463
479
399
415
1063
1191
447
1079
511
1095
1207
1175
1143
1159
527
1223
495
531
1127
1111
563
547
595
579
627
611
691
643
1303
1239
1255
659
675
1287
1271
1351
1335
1383
1319
1367
1399
1431
1447
1463
1415
1495
1479
707
1511
1559
723
867
1527
739
835
1575
771
787
819
755
1543
803
851
1671
1687
1703
1655
1751
1719
1591
1623
1639
1735
1607
899
883
915
1011
947
1043
931
963
995
1027
979
1019
1815
1831
1799
1783
987
1767
1863
1847
1879
971
1895
955
1927
1911
1155
1139
1187
1107
1203
1219
1171
1091
1123
1075
1059
1235
1035
1251
543
1283
1267
1299
939
559
575
1347
591
1331
1395
1315
1363
671
2087
607
639
687
1991
2023
2055
2071
2103
623
655
703
1379
1959
2039
1975
1943
2007
1051
1427
907
1443
1411
1459
1475
1491
1003
1523
1507
1539
923
1555
1571
891
1667
1715
1651
1603
1699
1683
1635
1619
2119
1747
2135
2167
2183
2151
1731
1587
2215
2199
2231
2247
2263
2279
1779
1763
1843
1859
1795
1827
1891
1811
1759
1907
1743
1179
2111
2095
1923
1115
2079
1727
1711
1131
1695
2063
1083
1679
2047
2327
1855
1839
1807
1823
1871
2295
1887
2031
2583
2567
2615
2551
2631
2423
2311
2599
1775
2015
2343
1903
1647
2519
2375
1791
2535
2391
2503
1919
2455
1195
2407
1631
1663
2439
2359
2067
2487
2099
879
2471
2035
1935
2051
1999
1939
1211
2083
2019
1227
1983
1971
1967
831
2003
863
1987
1615
847
815
1099
1955
719
735
1951
799
783
1163
1067
767
751
1599
1147
2115
2131
2147
2175
2163
2179
2195
2211
2227
2143
2159
2243
2207
2259
2463
2191
2127
2275
2239
2223
2255
2271
2663
2447
2415
2399
2431
2679
2307
2647
2287
2371
2695
2339
2291
2419
2711
2323
2383
2727
2403
2355
2387
2451
2639
2743
2435
2759
1487
1519
2775
1039
2367
1007
1055
2623
1471
1535
2319
1023
991
2351
2335
1455
1551
1503
1583
2807
2791
975
2831
2607
1439
2303
2591
1567
959
1423
2575
3135
943
927
895
2559
911
2543
3119
2527
2847
1875
2511
3103
3167
