347
523
507
163
67
115
19
99
83
475
3
147
131
299
51
35
443
251
331
459
491
315
203
267
283
187
235
47
111
95
15
127
79
31
63
159
143
175
427
219
155
271
139
411
307
339
243
179
291
227
195
275
211
363
319
171
395
379
239
303
287
351
207
191
223
323
335
259
59
75
91
107
123
43
255
467
355
387
371
27
499
435
419
403
451
483
515
11
683
7
23
55
39
119
71
215
135
167
555
103
635
539
651
699
587
603
151
571
295
667
327
619
343
231
311
279
563
547
183
247
263
531
579
375
455
659
439
471
391
627
359
407
423
595
691
487
199
675
611
643
519
503
87
707
787
755
803
723
851
771
835
867
819
739
367
399
415
431
527
463
383
495
479
583
447
511
695
679
535
567
631
647
663
599
551
743
727
855
711
615
775
791
759
807
823
839
871
935
887
1031
999
983
1015
951
903
919
967
1047
859
875
747
843
715
1191
731
963
915
883
899
1159
763
827
779
811
947
795
1175
1223
931
1207
1143
979
1303
1255
1239
1367
1127
1063
1111
1335
1399
1287
1495
1319
1383
1027
1043
1011
1351
1271
995
1431
1079
1095
1463
1447
1479
1559
1511
1527
1415
1575
1543
1719
1671
1735
1687
1751
1639
1655
1703
1607
543
1591
1623
559
575
591
671
10771
10755
10899
655
1863
703
639
687
607
623
1847
11027
1019
1831
1799
10995
10883
10787
1927
1815
10979
10947
1895
987
955
10931
1783
971
11075
11059
11011
10963
10851
10867
1911
10739
11043
10915
1767
1879
10803
10835
10819
1187
2103
1347
1267
1203
1059
1219
2087
1235
1155
1171
1139
1123
1107
1363
1395
1251
1075
1283
1991
1411
1091
1427
1443
1035
1975
2071
1379
939
1315
1587
1943
1667
1299
1635
1651
1683
1603
1619
1699
2023
1331
1715
1731
1459
2039
1571
1747
1959
2055
2007
1555
1795
1907
1923
2051
2067
2147
1891
1939
1955
2019
2099
1811
2035
2083
923
2163
2003
1051
1859
2131
1539
1507
1971
1987
1763
907
2115
1843
1779
1491
2195
1827
1523
2179
2211
1475
1003
2227
891
2243
2259
2275
2403
2291
2339
2467
2387
2419
2167
2135
2531
2451
2323
2355
3155
2307
2371
2119
2151
719
2435
3139
3107
3091
2483
2611
2183
3059
3043
2627
2547
2579
2499
2563
783
975
3075
3123
2595
2515
1039
3011
3219
799
943
735
3027
2215
879
831
927
3299
3251
3267
2995
3203
3475
895
751
3331
3315
3283
911
2279
847
2247
2263
3187
3235
3491
3507
1007
767
959
863
815
2231
3471
2063
3459
1875
2111
3171
2835
2199
2095
991
1023
3395
2659
2675
2079
1103
2899
2739
2723
2691
3379
3411
3427
3443
3503
2643
2947
3523
2771
2755
1231
1183
2787
3363
2803
3571
3057
2707
3487
1215
2047
2031
2175
3635
2819
1119
3329
3089
3539
3555
1199
3347
3519
1167
3153
3073
2963
1055
3455
1135
2463
3135
2851
2883
3025
3041
3439
3121
3095
2979
3683
3619
3423
