11027
11075
11059
10995
11043
10979
11011
10947
10963
10931
10915
1779
10883
1859
1763
1843
1795
10899
1891
10819
1827
10851
10867
10787
1907
10835
10803
1811
1923
10771
10739
10755
1587
2067
2035
2099
2051
1635
51
1619
1939
35
2083
2019
1603
1971
1699
1651
1683
1731
67
1667
2003
1715
1987
1747
83
115
163
3
99
19
1955
147
131
2279
2263
2247
2111
2095
1759
2131
1743
2115
1179
2079
1571
2231
2063
1115
2147
1727
1711
2199
1555
2215
1695
1131
2163
3057
1507
3073
2179
1539
2195
1679
3089
1083
1523
2047
2151
1411
1855
2183
1823
2211
1807
3121
3041
1839
2031
3105
1443
2167
2327
1491
1871
2135
1887
2295
2227
2119
227
879
3025
291
1459
3137
1427
3009
2243
47
1475
2015
195
3153
2259
307
243
323
15
1775
2423
275
339
79
2583
2567
2311
2275
2615
1903
1791
31
2551
179
259
2343
1647
831
211
2631
1919
2375
2391
2993
2599
2455
63
863
1379
1631
735
847
2407
2307
719
2535
655
1195
2519
1663
2439
111
815
2371
703
1999
2503
2359
783
2291
1363
95
799
143
1935
1395
2339
639
1983
127
2419
623
2403
687
1967
2323
9453
751
9405
2487
767
671
607
9501
9437
2451
1315
9469
2355
159
9485
1347
2435
2817
2471
2387
523
1211
1227
1331
1299
1951
1075
891
575
1187
2833
9421
591
3329
1091
1059
1615
559
4675
1267
1107
1283
491
4723
4627
2849
4691
507
459
175
475
1123
543
1203
4659
1099
1251
4707
1155
1171
4643
4611
1219
347
1139
2865
1235
4739
2881
3297
1163
443
4595
2897
3313
1067
1599
4579
331
315
2913
267
2
2641
251
3281
427
467
18
299
451
283
387
2945
403
3265
2929
2657
34
2673
355
483
1147
235
3249
50
371
499
435
2689
2705
419
2737
515
66
2801
4563
2785
2961
9389
4419
203
187
2465
2721
4435
2769
4403
923
4531
219
4547
4515
2753
4467
82
2977
9407
411
4499
4483
1675
2481
3233
1659
3911
2497
4451
2175
1691
1003
9439
3927
4023
2513
9423
3943
3895
271
114
98
4007
979
4039
1707
3217
3991
3879
3975
4899
130
1643
3959
915
2529
4915
963
3201
162
4835
223
319
9373
947
4883
335
931
899
4867
146
4851
351
883
2545
2577
2561
995
1057
9455
4819
4803
4771
4227
4787
191
2593
3185
1
9503
303
207
9487
255
9471
3169
287
4275
2625
379
4243
155
4291
2609
4755
1073
4323
4307
4259
4339
239
1027
1595
705
1723
4355
2113
395
1739
1011
1043
2143
4115
17
1611
4099
4067
1039
4051
139
4131
4083
1937
1627
2463
2257
1953
1755
2129
171
2225
363
1089
4147
2177
2241
907
2289
2145
1969
2159
1105
2161
4387
1055
4179
9343
9359
2273
123
2207
1007
2191
2209
4371
2193
4211
1023
721
1985
991
4945
4163
4195
107
4929
2321
9357
10707
91
1809
2305
2127
737
2399
75
1761
2239
2415
975
9391
1121
4977
2447
595
2353
753
4961
2255
1889
1943
2337
9375
2431
2271
2017
2223
2001
1051
2007
643
707
1921
1841
959
563
1777
33
4993
5009
10691
659
1825
2369
59
2401
1975
