(0, 1, 1)
(1, 7, 1)
(5, 5, 1)
(1, 1, 1)
(4, 4, 1)
(3, 8, 1)
(2, 2, 1)
(2, 8, 1)
(3, 4, 1)
(4, 10, 1)
(5, 11, 1)
(11, 6, 1)
(10, 4, 1)
(8, 2, 1)
(11, 10, 1)
(8, 8, 1)
(10, 10, 1)
(9, 8, 1)
(7, 1, 1)
(9, 4, 1)
(7, 7, 1)
(6, 1, 1)
(6, 4, 1)
(7, 5, 1)
(12, 1, 1)
(13, 6, 1)
(8, 1, 1)
(10, 2, 1)
(13, 2, 1)
(9, 6, 1)
(7, 11, 1)
(10, 8, 1)
(14, 8, 1)
(9, 2, 1)
(12, 10, 1)
(11, 4, 1)
(11, 8, 1)
(16, 10, 1)
(14, 2, 1)
(17, 5, 1)
(16, 4, 1)
(15, 8, 1)
(15, 4, 1)
(17, 11, 1)
(1, 6, 1)
(0, 5, 1)
(1, 11, 1)
(3, 1, 1)
(3, 7, 1)
(2, 1, 1)
(4, 7, 1)
(21, 3, 3)
(22, 8, 3)
(6, 10, 1)
(5, 3, 1)
(4, 2, 1)
(5, 9, 1)
(32, 2, 3)
(29, 5, 3)
(22, 4, 3)
(23, 9, 3)
(32, 6, 3)
(20, 6, 3)
(30, 6, 3)
(31, 1, 3)
(24, 10, 3)
(18, 6, 3)
(21, 7, 3)
(20, 2, 3)
(23, 5, 3)
(19, 1, 3)
(15, 6, 1)
(38, 2, 3)
(42, 10, 3)
(18, 1, 1)
(38, 6, 3)
(13, 10, 1)
(14, 1, 1)
(12, 4, 1)
(15, 2, 1)
(13, 6, 1)
(41, 9, 3)
(41, 5, 3)
(40, 4, 3)
(39, 3, 3)
(19, 7, 1)
(16, 8, 1)
(40, 8, 3)
(39, 7, 3)
(16, 3, 1)
(19, 1, 1)
(37, 1, 3)
(22, 4, 1)
(21, 4, 1)
(22, 9, 1)
(20, 8, 1)
(21, 8, 1)
(20, 3, 1)
(36, 6, 3)
(23, 5, 1)
(17, 4, 1)
(17, 8, 1)
(23, 11, 1)
(18, 9, 1)
(24, 1, 1)
(1, 4, 1)
(2, 11, 1)
(4, 7, 1)
(1, 10, 1)
(3, 1, 1)
(0, 4, 1)
(5, 2, 1)
(2, 6, 1)
(63, 10, 2)
(27, 3, 3)
(27, 7, 3)
(62, 4, 2)
(25, 7, 1)
(29, 11, 1)
(4, 1, 1)
(5, 8, 1)
(6, 9, 1)
(29, 5, 1)
(28, 4, 3)
(25, 1, 1)
(26, 2, 3)
(22, 3, 1)
(26, 8, 1)
(29, 9, 3)
(21, 7, 1)
(19, 11, 1)
(28, 4, 1)
(27, 8, 1)
(36, 1, 1)
(18, 4, 1)
(62, 9, 2)
(21, 1, 1)
(28, 9, 1)
(35, 9, 3)
(38, 2, 1)
(37, 7, 1)
(19, 5, 1)
(27, 4, 1)
(26, 3, 1)
(37, 2, 1)
(32, 2, 1)
(38, 7, 1)
(23, 4, 1)
(20, 1, 1)
(22, 8, 1)
(23, 8, 1)
(24, 9, 1)
(35, 5, 3)
(36, 10, 3)
(32, 8, 1)
(34, 4, 3)
(34, 10, 1)
(46, 10, 1)
(33, 4, 1)
(30, 1, 1)
(33, 8, 1)
(39, 4, 1)
(34, 8, 3)
(31, 7, 1)
(43, 2, 1)
(47, 5, 1)
(61, 3, 2)
(47, 10, 1)
(31, 1, 1)
(39, 8, 1)
(40, 10, 1)
(43, 7, 1)
(41, 10, 1)
(33, 7, 3)
(40, 5, 1)
(33, 3, 3)
(45, 8, 1)
(57, 5, 2)
(46, 5, 1)
(40, 7, 2)
(42, 1, 1)
(26, 5, 2)
(61, 9, 2)
(45, 4, 1)
(41, 5, 1)
(44, 2, 1)
(4, 7, 2)
(3, 1, 2)
(29, 4, 1)
(49, 7, 1)
(24, 6, 3)
(26, 10, 2)
(35, 5, 1)
(49, 2, 1)
(59, 10, 1)
(14, 10, 2)
(12, 8, 1)
(44, 7, 1)
(44, 5, 2)
(48, 1, 1)
(24, 4, 1)
(7, 7, 6)
(34, 5, 1)
(6, 1, 6)
(60, 8, 2)
(4, 2, 2)
(9, 1, 2)
(44, 10, 2)
(12, 3, 2)
(58, 1, 2)
(43, 4, 2)
(25, 4, 2)
(57, 8, 1)
(5, 5, 6)
(24, 9, 2)
(60, 3, 2)
(14, 5, 2)
(16, 2, 2)
(13, 4, 2)
(25, 5, 1)
(58, 10, 1)
(57, 4, 1)
(13, 9, 2)
(5, 8, 2)
(27, 7, 1)
(9, 9, 6)
(12, 9, 2)
(25, 9, 2)
(11, 8, 1)
(11, 2, 1)
(28, 8, 1)
(28, 3, 1)
(35, 10, 1)
(39, 1, 2)
(25, 11, 1)
(27, 1, 1)
(9, 1, 1)
(19, 9, 2)
(18, 9, 2)
(59, 5, 1)
(33, 1, 2)
(29, 8, 1)
(17, 3, 2)
(20, 5, 2)
(17, 8, 2)
(31, 5, 1)
(50, 7, 1)
(11, 3, 2)
(41, 3, 2)
(48, 9, 2)
(15, 1, 2)
(16, 7, 2)
(26, 1, 1)
(30, 9, 1)
(20, 10, 2)
(30, 4, 1)
(35, 3, 2)
(24, 3, 2)
(34, 2, 1)
(34, 2, 2)
(52, 10, 1)
(8, 3, 6)
(8, 7, 6)
(7, 1, 6)
(31, 11, 1)
(59, 2, 2)
(10, 6, 1)
(18, 3, 2)
(33, 7, 1)
(34, 7, 1)
(10, 2, 1)
(40, 2, 2)
(10, 1, 1)
(9, 6, 1)
(42, 9, 2)
(33, 2, 1)
(26, 6, 3)
(32, 1, 1)
(35, 8, 2)
(6, 3, 1)
(6, 9, 2)
(25, 1, 3)
(12, 8, 1)
(22, 2, 2)
(11, 8, 2)
(43, 9, 2)
(36, 9, 2)
(35, 8, 1)
(53, 5, 1)
(36, 3, 2)
(42, 3, 2)
(10, 2, 2)
(51, 4, 1)
(50, 5, 2)
(9, 10, 1)
(34, 7, 2)
(19, 4, 2)
(36, 10, 1)
(59, 7, 2)
(5, 3, 2)
(37, 4, 2)
(11, 6, 1)
(11, 2, 1)
(35, 4, 1)
(8, 11, 1)
(8, 6, 1)
(7, 10, 1)
(23, 8, 2)
(23, 3, 2)
(46, 2, 2)
(48, 3, 2)
(8, 10, 1)
(55, 2, 1)
(37, 9, 2)
(53, 10, 1)
(22, 7, 2)
(7, 4, 1)
(10, 7, 2)
(7, 9, 1)
(6, 2, 1)
(47, 3, 2)
(52, 5, 1)
(51, 8, 1)
(38, 5, 2)
(8, 4, 1)
(41, 8, 2)
(1, 10, 2)
(47, 8, 2)
(55, 7, 1)
(52, 2, 2)
(29, 3, 2)
(56, 7, 1)
(56, 2, 1)
(50, 10, 2)
(5, 11, 6)
(31, 4, 2)
(21, 1, 2)
(46, 7, 2)
(45, 1, 2)
(61, 7, 1)
(54, 1, 1)
(6, 3, 2)
(32, 10, 2)
(58, 5, 1)
(28, 2, 2)
(32, 5, 2)
(38, 10, 2)
(31, 9, 2)
(50, 2, 1)
(52, 7, 2)
(30, 9, 2)
(7, 9, 2)
(49, 9, 2)
(8, 10, 2)
(30, 3, 2)
(7, 4, 2)
(51, 1, 2)
(8, 5, 2)
(55, 4, 2)
(56, 10, 2)
(7, 3, 1)
(60, 1, 1)
(61, 2, 1)
(56, 5, 2)
(53, 3, 2)
(1, 4, 2)
(49, 4, 2)
(29, 8, 2)
(36, 5, 1)
(28, 7, 2)
(58, 2, 2)
(27, 1, 2)
(58, 7, 2)
(55, 9, 2)
(18, 8, 1)
(17, 7, 1)
(2, 5, 2)
(62, 2, 1)
(57, 1, 2)
(15, 10, 1)
(16, 1, 1)
(2, 10, 2)
(17, 1, 1)
(14, 4, 1)
(62, 7, 1)
(15, 6, 1)
(54, 9, 2)
(4, 9, 6)
(37, 5, 1)
(38, 1, 1)
(53, 8, 2)
(37, 10, 1)
(4, 5, 6)
(3, 3, 6)
(63, 8, 1)
(39, 2, 1)
(59, 8, 2)
(39, 7, 1)
(0, 4, 2)
(40, 7, 1)
(40, 2, 1)
(14, 10, 1)
(41, 8, 1)
(42, 10, 1)
(54, 3, 2)
(59, 3, 2)
(41, 4, 1)
(60, 9, 2)
(5, 7, 1)
(5, 1, 1)
(2, 5, 1)
(60, 3, 2)
(61, 4, 2)
(3, 11, 1)
(62, 5, 2)
