0
3
4
6
9
10
12
15
16
18
21
22
24
27
28
30
33
34
36
39
40
42
45
46
48
51
52
54
57
58
60
63
64
66
69
70
72
75
76
78
81
82
84
87
88
90
93
94
96
99
100
102
105
106
108
111
112
114
117
118
120
123
124
126
129
130
132
135
136
138
141
142
144
147
148
150
154
156
159
160
162
166
168
171
172
174
177
178
180
184
186
190
192
196
198
202
204
208
210
214
216
220
222
226
228
232
234
238
240
244
246
250
252
256
258
262
264
268
270
274
276
280
282
286
288
292
294
298
300
304
306
310
312
316
318
322
324
328
330
334
336
340
342
346
348
352
354
358
360
364
366
370
372
376
378
382
384
388
390
394
396
400
402
406
408
414
420
426
432
438
444
450
456
462
468
474
480
486
492
498
504
510
516
522
528
534
540
546
552
558
564
570
576
582
588
594
600
606
612
618
624
630
636
642
648
654
672
684
