519
487
343
503
471
455
327
311
439
263
295
247
279
423
231
199
183
215
407
151
135
167
375
119
391
87
103
71
359
42
39
55
10
74
26
23
58
106
90
7
122
138
154
170
50
34
66
82
18
162
114
98
2
146
130
551
535
631
599
679
567
615
663
583
695
647
266
330
218
346
314
250
298
186
202
282
234
226
290
242
194
306
258
274
338
178
210
322
386
466
354
370
434
450
402
871
418
855
498
482
839
823
807
775
759
791
743
514
711
727
362
426
378
458
410
394
474
442
506
522
490
530
562
546
594
578
626
690
610
642
658
674
706
189
722
866
738
834
61
786
754
770
13
818
802
29
45
850
253
221
205
349
237
301
77
333
317
269
285
93
1015
141
109
125
157
173
983
967
951
213
229
245
325
293
261
181
309
197
277
357
373
421
405
389
341
469
437
501
485
517
5
21
453
898
53
882
101
117
133
69
37
1010
381
946
1031
930
914
1042
149
581
725
565
533
994
365
935
165
962
645
709
413
773
629
1026
597
397
741
549
978
677
757
613
429
789
805
445
661
693
853
461
821
837
869
493
477
885
538
509
981
933
570
901
1029
554
917
997
525
949
965
1045
1013
586
1061
666
1047
602
634
1077
682
1093
618
698
650
903
1189
1157
1125
1221
1109
1141
1173
1205
1253
1301
1237
1285
1349
1333
1397
1365
1269
1381
1317
999
1154
1138
1429
919
1186
1461
1202
1413
1445
1090
887
1106
1493
1218
1170
1477
1122
1557
1074
1509
1525
1573
1058
1541
1653
1701
1637
1589
1669
1685
1749
1234
1717
1621
1733
1250
1605
1282
85
541
1266
1298
1346
653
605
557
573
589
1330
621
685
1394
1362
1314
637
701
669
1378
1813
1829
1765
1797
1861
1845
1925
1781
1877
1893
12
1909
733
877
44
845
781
1426
813
861
60
188
749
765
797
829
1442
28
1410
1957
1989
717
76
2085
2053
1458
2069
220
2021
2037
1941
2005
92
1973
2101
204
1037
108
1021
1474
236
252
1053
1005
1490
268
989
925
284
941
172
957
893
140
156
124
909
973
348
316
1522
332
300
1506
1538
1554
2117
2165
2133
1570
2149
2181
2213
2229
2197
1213
2261
2277
2245
1197
1165
1181
1229
1069
1101
1117
1175
1149
1133
1405
2565
1111
1309
1666
2613
2581
2517
2549
1650
2597
2629
1277
1682
1602
1085
1245
2485
1389
1698
2469
1357
1714
2533
1293
1634
2501
1325
2325
1373
1341
2293
1127
2309
1261
2389
2341
1618
2373
1079
2437
2357
1746
2453
2421
2405
36
3861
3797
3829
3845
1730
1586
4
3781
20
3813
84
3717
3765
3733
52
3749
3701
2677
2661
2645
2693
2725
2709
2757
3685
3909
68
3989
2805
2773
2741
3941
3877
3669
3893
3653
3925
4021
2789
3637
3605
3573
3541
3525
3557
4005
4037
3589
3621
3957
2837
3973
2917
2981
132
116
