24
18
60
42
12
36
30
54
48
6
0
108
90
84
126
114
96
120
72
102
78
66
174
144
168
162
150
156
186
138
132
192
180
70
82
76
22
94
88
16
4
10
100
106
130
112
124
118
28
34
40
46
58
52
64
198
204
210
216
222
234
258
240
228
246
252
136
142
148
154
160
166
172
178
184
190
324
264
312
196
270
306
276
288
294
300
318
282
15
27
39
3
9
21
336
33
45
57
354
51
330
348
360
372
342
366
63
378
390
384
468
474
462
480
504
486
498
492
99
432
123
522
510
456
444
129
426
450
117
438
516
111
420
93
81
414
105
128
408
75
202
69
194
122
87
116
98
110
92
402
188
182
176
104
170
396
86
214
164
220
74
68
208
80
534
226
158
232
540
528
244
238
256
152
262
546
250
56
552
50
140
62
558
146
44
624
134
570
636
38
26
32
630
564
642
576
582
14
20
618
612
8
588
654
606
600
648
