(5, 5, 6)
(7, 7, 6)
(6, 1, 6)
(7, 1, 6)
(9, 9, 6)
(8, 3, 6)
(8, 7, 6)
(5, 11, 6)
(4, 5, 6)
(4, 9, 6)
(3, 3, 6)
(0, 5, 1)
(1, 11, 1)
(3, 1, 1)
(2, 1, 1)
(1, 6, 1)
(4, 2, 1)
(6, 10, 1)
(3, 7, 1)
(5, 3, 1)
(4, 7, 1)
(7, 5, 1)
(7, 11, 1)
(5, 9, 1)
(10, 2, 1)
(9, 6, 1)
(8, 1, 1)
(6, 4, 1)
(10, 8, 1)
(13, 10, 1)
(11, 4, 1)
(12, 10, 1)
(9, 2, 1)
(13, 6, 1)
(12, 4, 1)
(11, 8, 1)
(15, 2, 1)
(14, 1, 1)
(16, 8, 1)
(15, 6, 1)
(18, 4, 1)
(17, 8, 1)
(16, 3, 1)
(17, 4, 1)
(18, 9, 1)
(19, 11, 1)
(19, 5, 1)
(21, 7, 1)
(20, 1, 1)
(22, 3, 1)
(22, 8, 1)
(21, 1, 1)
(24, 9, 1)
(23, 8, 1)
(23, 4, 1)
(24, 4, 1)
(25, 11, 1)
(27, 7, 1)
(26, 1, 1)
(25, 5, 1)
(12, 8, 1)
(28, 8, 1)
(11, 2, 1)
(10, 1, 1)
(11, 6, 1)
(27, 1, 1)
(29, 4, 1)
(29, 8, 1)
(15, 7, 6)
(9, 6, 1)
(28, 3, 1)
(30, 9, 1)
(9, 10, 1)
(14, 1, 6)
(8, 4, 1)
(8, 10, 1)
(14, 7, 6)
(7, 9, 1)
(7, 3, 1)
(13, 1, 6)
(6, 2, 1)
(12, 5, 6)
(12, 11, 6)
(11, 5, 6)
(11, 9, 6)
(3, 10, 1)
(15, 9, 6)
(12, 2, 1)
(13, 4, 1)
(30, 4, 1)
(13, 8, 1)
(16, 1, 1)
(31, 5, 1)
(17, 7, 1)
(14, 10, 1)
(17, 1, 1)
(15, 10, 1)
(15, 6, 1)
(18, 8, 1)
(31, 11, 1)
(14, 4, 1)
(32, 1, 1)
(10, 3, 6)
(33, 7, 1)
(34, 2, 1)
(33, 3, 2)
(35, 8, 1)
(34, 7, 1)
(35, 4, 1)
(33, 2, 1)
(44, 8, 2)
(24, 8, 1)
(6, 8, 1)
(5, 1, 1)
(5, 7, 1)
(36, 10, 1)
(23, 3, 1)
(12, 9, 6)
(14, 3, 6)
(11, 9, 6)
(4, 1, 1)
(43, 2, 2)
(23, 8, 1)
(21, 1, 1)
(19, 4, 1)
(11, 3, 6)
(2, 5, 1)
(10, 3, 6)
(22, 7, 1)
(3, 11, 1)
(3, 6, 1)
(22, 1, 1)
(20, 11, 1)
(18, 4, 1)
(2, 10, 1)
(43, 7, 2)
(19, 9, 1)
(20, 5, 1)
(32, 2, 3)
(42, 1, 2)
(32, 6, 3)
(1, 4, 1)
(9, 1, 6)
(31, 1, 3)
(14, 6, 1)
(30, 6, 3)
(10, 7, 6)
(41, 5, 2)
(21, 7, 6)
(16, 1, 1)
(0, 3, 1)
(51, 9, 2)
(13, 4, 1)
(1, 9, 1)
(12, 5, 6)
(14, 10, 1)
(16, 6, 1)
(41, 10, 2)
(18, 8, 1)
(38, 1, 6)
(47, 6, 3)
(39, 7, 6)
(17, 8, 1)
(40, 4, 2)
(59, 10, 3)
(53, 6, 3)
(47, 10, 3)
(32, 1, 6)
(30, 9, 6)
(43, 5, 6)
(52, 5, 3)
(31, 5, 6)
(45, 7, 6)
(17, 3, 1)
(31, 11, 6)
(44, 1, 6)
(33, 7, 6)
(30, 5, 6)
(53, 10, 3)
(59, 6, 3)
(27, 7, 6)
(40, 9, 2)
(25, 5, 6)
(26, 1, 6)
(46, 5, 3)
(58, 5, 3)
(51, 4, 3)
(13, 10, 1)
(24, 5, 6)
(23, 9, 6)
(52, 9, 3)
(58, 9, 3)
(23, 3, 6)
(50, 3, 2)
(46, 9, 3)
(15, 1, 1)
(22, 3, 6)
(12, 4, 1)
(18, 9, 6)
(50, 7, 3)
(25, 11, 6)
(24, 9, 6)
(16, 3, 6)
(50, 3, 3)
(45, 4, 3)
(45, 8, 3)
(57, 4, 3)
(50, 8, 2)
(16, 7, 6)
(56, 3, 3)
(19, 11, 6)
(13, 11, 6)
(49, 7, 2)
(51, 8, 3)
(57, 8, 3)
(17, 3, 6)
(56, 7, 3)
(44, 3, 3)
(17, 9, 6)
(20, 1, 6)
(18, 5, 6)
(13, 5, 6)
(26, 5, 1)
(10, 2, 1)
(28, 1, 1)
(39, 3, 2)
(14, 7, 6)
(19, 5, 6)
(49, 2, 2)
(49, 2, 3)
(55, 6, 3)
(29, 8, 1)
(39, 9, 2)
(54, 1, 3)
(44, 7, 3)
(24, 4, 1)
(37, 6, 3)
(55, 2, 3)
(25, 9, 1)
(15, 7, 6)
(29, 3, 1)
(17, 5, 6)
(49, 6, 3)
(30, 8, 1)
(12, 8, 1)
(7, 4, 1)
(43, 2, 3)
(34, 9, 2)
(27, 1, 1)
(44, 3, 2)
(11, 8, 1)
(38, 3, 2)
(8, 11, 1)
(43, 10, 1)
(44, 10, 1)
(45, 9, 2)
(6, 3, 1)
(25, 4, 1)
(24, 10, 3)
(9, 1, 1)
(10, 6, 1)
(18, 1, 6)
(43, 11, 6)
(28, 7, 1)
(14, 1, 6)
(44, 5, 1)
(21, 9, 6)
(36, 1, 3)
(46, 7, 1)
(26, 11, 1)
(11, 2, 1)
(7, 10, 1)
(43, 5, 1)
(43, 6, 3)
(46, 2, 1)
(38, 8, 2)
(42, 1, 3)
(48, 8, 1)
(47, 2, 1)
(42, 4, 1)
(23, 5, 3)
(48, 1, 3)
(48, 1, 2)
(47, 5, 2)
(37, 2, 2)
(45, 1, 1)
(37, 7, 2)
(23, 9, 3)
(31, 2, 2)
(33, 9, 2)
(47, 7, 1)
(28, 4, 2)
(26, 3, 2)
(5, 2, 1)
(29, 10, 2)
(32, 8, 2)
(47, 10, 2)
(53, 7, 5)
(46, 4, 2)
(1, 5, 4)
(35, 10, 2)
(8, 6, 1)
(0, 4, 1)
(27, 9, 2)
(2, 10, 4)
(1, 9, 4)
(32, 3, 2)
(3, 1, 1)
(4, 7, 1)
(36, 1, 2)
(31, 7, 2)
(2, 6, 4)
(30, 1, 2)
(0, 4, 4)
(25, 2, 2)
(35, 5, 2)
(6, 9, 1)
(34, 4, 2)
(2, 6, 1)
(53, 1, 5)
(29, 5, 2)
(62, 3, 3)
(63, 8, 3)
(26, 8, 2)
(27, 3, 2)
(10, 9, 6)
(52, 1, 5)
(59, 7, 5)
(22, 4, 3)
(62, 7, 3)
(58, 1, 5)
(28, 4, 3)
(13, 1, 6)
(41, 2, 1)
(60, 7, 5)
(62, 9, 5)
(42, 8, 1)
(45, 3, 2)
(54, 7, 5)
(25, 7, 2)
(55, 3, 5)
(51, 11, 5)
(28, 9, 2)
(2, 11, 1)
(1, 1, 6)
(50, 5, 5)
(0, 5, 6)
(62, 5, 5)
(5, 8, 1)
(56, 9, 5)
(1, 4, 1)
(46, 9, 2)
(2, 1, 6)
(1, 10, 1)
(48, 3, 5)
(41, 7, 1)
(56, 5, 5)
(61, 6, 3)
(59, 1, 5)
(3, 7, 6)
(61, 3, 5)
(57, 5, 5)
(4, 1, 1)
(60, 1, 3)
(55, 9, 5)
(50, 9, 5)
(24, 1, 2)
(17, 10, 2)
(57, 11, 5)
(61, 2, 3)
(51, 5, 5)
(49, 3, 5)
(63, 11, 5)
(27, 3, 3)
(2, 7, 6)
(60, 3, 5)
(9, 3, 6)
(49, 9, 5)
(19, 1, 6)
(54, 3, 5)
(21, 9, 2)
(40, 2, 1)
(20, 3, 2)
(20, 8, 2)
(37, 5, 6)
(61, 9, 5)
(23, 5, 2)
(19, 7, 2)
(22, 4, 2)
(21, 3, 3)
(40, 7, 1)
(22, 8, 3)
(36, 8, 1)
(18, 1, 2)
(23, 10, 2)
(16, 9, 2)
(9, 3, 6)
(19, 8, 1)
(23, 1, 1)
(17, 5, 2)
(34, 4, 3)
(23, 7, 1)
(35, 2, 1)
(27, 7, 3)
(47, 1, 5)
(35, 7, 1)
(19, 2, 2)
(34, 2, 1)
(39, 1, 1)
(24, 8, 1)
(21, 11, 1)
(33, 1, 1)
(48, 7, 5)
(26, 2, 3)
(27, 11, 5)
(32, 11, 1)
