51
35
67
83
19
163
115
99
3
147
131
523
507
491
347
475
459
331
315
443
267
251
299
283
47
427
15
235
79
31
203
187
219
63
111
411
95
127
143
159
155
175
139
171
379
227
395
291
123
243
363
107
195
91
75
307
259
275
43
59
339
323
179
211
27
11
7
23
271
39
55
335
71
351
223
319
255
303
135
103
119
191
207
287
239
215
167
151
555
295
231
311
199
247
263
279
635
539
327
683
603
571
183
343
699
619
587
667
387
467
651
355
451
371
435
403
419
483
499
359
515
375
423
407
391
471
439
487
503
519
455
87
583
535
679
567
631
695
551
647
599
663
711
775
727
807
615
759
743
855
791
823
839
871
531
563
547
3137
595
3153
579
3121
3105
627
643
611
691
659
887
3089
3073
675
935
999
1031
951
919
1015
1047
2817
367
431
903
967
3057
859
2833
383
875
463
843
479
415
827
399
11075
811
2849
11059
4579
3041
2865
779
2
983
763
447
11027
2881
11043
795
18
4595
3025
4899
10995
4611
2897
4915
747
34
4643
511
4835
1707
10979
3009
4883
527
11011
2641
50
4867
2913
4659
4851
3911
4627
715
1691
66
4675
495
731
10963
4819
3927
4803
4691
10947
3943
4771
3895
4787
4023
4723
1675
4007
4039
2657
10931
10915
3991
3879
82
2929
2945
4707
2673
3975
1659
3959
2993
4739
4755
2705
2689
1063
2737
1191
1739
1723
2801
1079
2465
2961
98
114
2785
1643
1755
2721
2753
2769
130
2977
1095
2481
1207
1175
162
1143
1159
1223
2497
146
2513
1127
1111
1057
2529
1595
4563
3329
1611
10787
4403
1
1627
4547
10739
4467
4419
4515
4435
2545
4483
4499
2577
2561
4531
1073
707
10803
10835
10819
10851
10755
10883
4451
10867
2593
705
10771
3313
3297
17
723
1089
10899
1303
2625
2609
2113
867
739
1239
1105
1255
3281
10707
3535
2257
721
1937
2129
835
1953
2225
1809
3551
737
2241
3831
1287
819
787
2177
3265
3863
2145
771
755
2273
1969
1761
3567
803
2289
2161
3847
1271
2209
10691
753
851
1351
1841
1335
2193
3799
1121
1383
1319
3249
1985
4227
1367
5091
3815
5059
2321
1889
1399
3751
1777
785
2305
769
1793
3783
10723
1921
1825
33
1137
4275
3735
4243
3583
3767
3719
5027
4291
1905
3703
4323
5043
881
4259
10659
4307
2337
2001
529
1873
2017
2353
4099
5011
801
4067
545
5075
353
4339
10675
3233
1153
4051
561
4355
4083
2369
1857
4115
4995
2401
4131
10627
913
5219
4979
2385
897
3599
5251
4147
5267
10611
49
4963
1169
2033
5187
849
10595
81
10643
577
833
4387
3217
817
1185
10579
593
4947
5235
369
177
1201
5203
5171
3615
10547
2417
4179
5139
4371
929
4931
5123
5155
625
865
2433
2049
3201
4211
1025
609
2065
4163
178
4195
1217
65
2449
641
194
1009
5107
657
1041
4199
4055
4215
226
10531
945
961
97
10515
193
3631
977
2081
4167
10563
673
242
210
1585
