1709
1589
1619
1625
1601
1595
1607
1613
1631
1649
1643
1637
1847
1835
1841
1829
1823
1817
1811
1805
1799
1793
1787
24
18
42
60
36
12
30
48
54
6
0
1385
1379
1373
108
126
90
114
120
1679
84
1673
96
1685
1367
1745
102
72
78
66
1361
1781
350
386
380
1757
356
368
362
1355
1739
1703
1314
1775
1751
1302
392
1272
1308
1290
1296
1284
1260
1278
1266
1733
1254
1727
1374
338
1769
174
1380
1721
168
1368
1349
144
1362
162
1356
1182
150
186
1236
156
1212
1218
192
1176
1170
1116
1344
1242
1248
1164
1350
1697
1152
1338
1230
1188
1763
1200
1206
1158
1224
1332
1326
1110
1146
132
138
1194
1320
1098
1343
1128
1134
1104
1122
180
1140
1092
374
1446
1050
1068
1080
1086
344
326
314
320
1434
1044
308
1074
1440
290
302
284
296
1062
1038
1428
1056
1020
278
1661
266
272
1026
1008
1032
1014
1422
984
1002
978
1667
972
1416
1410
996
332
990
966
1655
954
1404
960
1331
1337
1398
1392
948
254
236
1386
206
942
936
260
224
230
248
200
242
930
218
212
1325
924
