2771
979
977
976
975
973
972
971
970
969
968
966
965
964
961
960
958
957
956
978
980
953
981
1000
999
998
997
996
995
994
993
992
991
990
989
988
987
985
984
983
954
952
1002
921
918
917
916
913
912
910
909
908
906
905
904
902
901
900
897
896
894
920
924
950
925
949
948
946
945
944
942
941
940
937
936
934
933
932
930
929
928
926
1001
1003
1086
1065
1063
1062
1061
1060
1059
1058
1057
1056
1055
1054
1053
1052
1051
1050
1049
1048
1047
1064
1066
1045
1067
1084
1083
1082
1081
1080
1079
1078
1077
1076
1075
1074
1073
1072
1071
1070
1069
1068
1046
1044
1004
1023
1021
1020
1019
1018
1017
1016
1015
1014
1013
1012
