11087
3841
3839
3838
3836
3835
3834
3833
3832
3831
3829
3828
3827
3826
3825
3824
3823
3822
3820
3840
3842
3818
3843
3862
3861
3860
3859
3858
3857
3856
3855
3854
3852
3851
3849
3848
3847
3846
3845
3844
3819
3817
3771
3794
3792
3791
3790
3788
3787
3786
3785
3784
3783
3782
3781
3779
3778
3777
3776
3775
3774
3793
3795
3816
3796
3815
3814
3813
3812
3811
3810
3809
3808
3807
3806
3804
3803
3801
3800
3799
3798
3797
3863
3864
3865
3933
3930
3929
3928
3927
3926
3925
3923
3922
3921
3920
3919
3918
3917
3916
3915
3914
3913
3932
3934
3866
3935
3954
3953
3952
3951
3950
3949
3948
3946
3945
3944
3943
3942
3941
3939
3938
3937
3936
3912
3911
3910
3909
3885
3884
3883
3882
3881
3880
3879
3878
3877
3875
3874
3873
3872
3871
3870
3868
3867
3886
3887
3888
3900
3907
3906
3905
3904
3903
3902
3901
3899
3889
3897
3896
3895
3894
3893
3891
3890
3772
3769
3957
3654
3652
3651
3650
3649
3648
3647
3646
3645
3644
3643
3642
3641
3640
3639
3638
3637
3635
3653
3655
3633
3656
3674
3673
3672
3671
3670
3669
3668
3667
3666
3665
3664
3663
3662
3661
3660
3659
3657
3634
3632
3768
3610
3608
3607
3605
3604
3603
3602
3601
3600
3599
3598
3597
3596
3595
3594
3593
3592
3591
3609
3611
3631
3612
3630
3629
3628
3627
3626
3625
3624
3623
3621
3620
3619
3618
3617
3616
3615
3614
3613
3675
3676
3677
3744
3742
3740
3739
3738
3737
3736
3735
3734
3733
3731
3730
3729
3728
3727
3726
3724
3723
3743
3745
3678
3746
3767
3766
3765
3763
3762
3761
3760
3759
3758
3756
3755
3753
3752
3751
3750
3749
3747
3722
3721
3720
3719
3695
3694
3693
3692
3691
3690
3689
3688
3687
3686
3685
3684
3683
3682
3681
3680
3679
3696
3697
3698
3710
3718
3717
3715
3714
3713
3712
3711
3708
3699
3707
3706
3705
3704
3703
3702
3701
3955
3958
5751
4200
4198
4197
4196
4195
4194
4193
4192
4191
4190
4189
4188
4187
4186
4184
4183
4182
4181
4199
4201
4179
4202
4221
4220
4218
4217
4216
4215
4214
4213
4212
4211
4210
4209
4208
4207
4205
4204
4203
4180
4178
4135
4155
4153
4152
4151
4150
4149
4148
4147
4146
4145
4144
4143
4142
4141
4140
4139
4138
4137
4154
4156
4177
4157
4176
4175
4174
4173
4172
4170
4168
4167
4166
4165
4164
4163
4162
4161
4160
4159
4158
4223
4224
4225
4287
4285
4284
4283
4282
4281
4280
4279
4278
4277
4276
4275
4274
4273
4272
4271
4270
4269
4286
4288
4226
4289
4306
4305
4304
4303
4302
4301
4300
4299
4298
4297
4296
4295
4294
4293
4292
4291
4290
4268
4267
4266
4265
4243
4242
4241
4240
4239
4238
4237
4236
4235
4234
4233
4232
4231
4230
4229
4228
4227
4245
4246
4247
4257
4264
4263
4262
4261
4260
4259
4258
4256
4248
4255
4254
4253
4252
4251
4250
4249
4136
4134
3959
4026
4023
4022
4021
4019
4018
4017
4016
4015
4014
4013
4012
4011
4010
4009
4008
4007
4006
4025
4027
4003
4028
4046
4045
4044
4043
4042
4041
4040
4039
4038
4037
4035
4034
4033
4032
4031
4030
4029
4005
4002
4133
3979
3977
3976
3975
3974
3973
3971
3970
3969
3968
