519
343
487
503
471
455
327
311
439
263
295
247
279
423
231
199
215
183
407
151
135
167
119
375
87
103
71
391
359
39
55
23
7
551
599
631
535
679
567
615
663
583
695
647
42
10
74
26
58
106
90
122
138
154
170
50
34
66
82
18
162
98
114
2
146
130
266
330
346
218
314
250
298
202
186
282
234
226
871
290
855
242
839
194
823
807
258
306
775
759
743
791
274
338
178
210
322
711
727
386
466
354
370
434
450
402
418
498
482
514
362
426
378
458
474
410
394
442
506
522
490
1015
530
562
546
983
594
578
967
626
610
690
642
951
658
674
1031
935
1047
706
722
903
866
738
834
786
770
818
754
802
850
999
887
919
898
882
914
946
1010
930
1042
962
994
1026
978
538
554
570
586
666
602
634
682
650
618
698
1
1175
1111
17
33
49
1127
81
65
1079
113
97
129
1154
145
161
1138
1186
1106
1202
1218
1090
1170
1122
1191
1074
1058
12
1223
1234
1207
44
1250
177
1282
1266
193
60
1298
188
225
209
189
1095
241
28
1159
1346
257
289
273
76
337
1330
321
1394
220
92
305
1362
1314
61
204
1063
108
1143
13
29
236
252
45
205
221
268
353
253
284
369
172
1378
140
237
156
385
124
401
301
77
417
349
348
317
433
269
333
316
465
332
300
449
285
93
481
513
497
125
109
157
141
173
1426
529
545
1442
1410
561
577
641
593
609
84
1458
625
36
657
673
705
689
4
20
52
1474
737
753
721
68
785
1490
769
801
817
833
132
116
4821
4693
4853
2961
100
4725
849
4629
4709
4837
2945
4789
4741
2913
164
4917
2929
2881
2897
4757
2865
1522
881
865
2977
2801
4677
4661
148
2833
4597
1506
4885
2849
897
2817
4581
2769
2785
4901
2737
945
4805
4613
1538
2753
913
4773
929
4869
1057
4645
1554
2705
2721
1073
1105
2689
993
961
2673
2625
2641
1121
2657
1089
977
2577
2609
2593
2561
2545
2513
2481
1137
2529
2465
2497
1153
1169
1185
1570
1201
2305
3153
2209
1233
1009
340
3137
1217
2177
2193
292
308
2129
3121
2289
212
2161
1025
2225
1041
2257
1249
2113
2369
2337
2321
276
2145
3105
2353
2401
196
324
2385
2433
1281
228
244
1265
260
2241
1425
2273
381
2417
1297
2449
1361
1313
1345
1393
364
1953
1377
1409
1329
3073
3089
1841
1937
365
1825
1777
413
1985
1761
1809
1969
1729
1585
180
1617
1713
2001
1457
1745
1441
380
2017
1857
397
1601
1489
2049
2081
1921
396
1793
1905
2065
1505
1681
1633
2097
2033
1889
1569
1697
1473
1665
356
1553
1649
3009
1521
412
429
3057
1537
3025
445
1666
5013
3041
4997
420
468
4949
404
5045
4965
461
372
5093
428
1650
1602
1714
4549
1698
1682
460
388
1634
4981
484
4933
444
1399
2993
5061
5077
5029
1618
452
436
4565
493
1239
4533
4517
