1625
1619
1631
1613
1607
1649
1601
1643
1637
1595
1589
1709
1847
1835
1841
1823
1829
1817
1811
1805
1799
1793
1787
1685
1679
1673
1697
1385
1379
1373
1763
1739
1703
1769
1733
1367
1727
1775
1781
1361
1721
1355
18
1757
12
1349
24
1751
6
0
30
1745
42
36
1343
60
1325
1331
1337
54
48
1655
84
70
90
108
72
1661
82
96
1667
88
94
114
76
66
126
78
102
100
120
106
130
112
118
124
22
16
4
10
34
28
1386
1392
1404
1398
40
1410
1416
46
58
1422
52
1440
64
1428
1434
1512
1446
1506
1500
1494
1488
1482
1476
1470
1350
1356
1362
1368
1344
1380
1332
1326
1374
1464
1320
1338
1458
1452
144
1578
1572
132
138
174
162
1566
150
332
168
344
1554
374
1560
156
1548
1542
186
1536
136
142
180
1530
338
148
154
392
1524
192
160
1518
166
172
178
1644
1632
184
1260
1638
789
350
1254
783
1272
1266
190
1626
1614
777
386
1284
1620
1278
196
771
1608
1290
1314
1602
1302
1296
1308
1596
1590
765
356
327
4134
362
1584
759
380
368
4122
4116
4146
