74
42
58
154
138
106
122
170
90
10
26
266
471
330
295
487
503
519
199
282
298
250
202
218
314
186
234
346
343
231
279
167
247
311
215
135
263
151
183
439
455
327
391
375
119
359
407
423
695
679
7
39
23
103
87
535
71
631
615
599
551
55
567
583
663
647
839
871
855
378
791
727
711
807
759
823
743
775
458
522
394
426
474
362
410
442
506
490
1015
935
983
967
951
1031
1047
50
34
66
2
162
114
18
82
98
903
130
146
919
242
290
258
338
226
306
194
999
274
322
210
178
887
1175
1111
1127
1079
466
386
354
1207
1223
450
418
402
482
434
370
498
514
538
1191
1159
1143
1095
1063
586
570
530
562
546
578
594
554
610
188
236
204
284
268
252
220
666
602
634
626
658
642
674
690
12
618
650
682
44
28
300
1335
1319
1399
1367
92
60
108
76
1239
1271
1303
1287
1383
698
1255
348
140
316
156
124
332
172
834
706
349
205
93
722
221
109
45
364
173
189
301
333
269
317
77
237
319
285
13
253
61
29
351
850
738
866
125
141
509
335
271
303
818
754
157
477
802
770
786
191
287
445
461
15
493
525
381
365
412
380
396
428
255
413
397
429
239
492
524
444
476
508
460
1010
1026
914
882
207
367
994
930
962
946
898
47
31
1042
978
223
175
383
84
79
874
1154
111
159
95
794
858
826
127
810
495
714
63
143
1250
762
730
746
431
842
511
447
1074
1186
1058
541
415
1122
1282
1138
1202
778
479
463
1090
1106
1218
1170
1415
1447
1431
1298
1463
1346
1234
1266
399
4
20
527
623
1330
36
1394
655
1378
1410
1314
1426
671
607
1034
557
637
605
1442
703
559
669
621
52
1362
540
845
685
687
639
1495
589
573
831
1479
1050
813
572
701
1018
33
49
68
132
863
244
591
148
225
209
241
289
81
65
815
847
751
260
164
986
653
257
161
733
100
116
767
877
1490
1458
324
991
799
1055
879
735
575
543
292
861
1474
588
719
1522
556
975
927
1039
1002
749
797
829
765
911
783
276
1527
1023
340
356
1511
1543
337
113
959
212
196
404
781
895
308
636
1506
620
604
652
305
321
1559
1570
465
1007
180
970
228
943
129
97
449
1554
1538
372
420
145
1
1650
468
954
388
1586
1183
1666
1618
1682
17
717
484
938
1167
1602
1698
1634
890
922
732
273
193
177
1714
668
433
700
1151
906
909
1103
481
1730
2106
716
293
309
277
261
245
957
893
181
1866
1746
2090
1882
973
513
417
684
1199
1231
1135
1834
1005
452
2058
197
2074
229
325
941
1021
925
989
1037
341
748
1802
1898
213
1053
1119
53
69
101
37
385
401
812
764
497
5
133
149
117
21
165
2842
