12
8
16
4
0
20
28
24
40
36
32
56
60
72
48
64
76
44
84
52
68
80
1008
1004
1000
2373
2369
2365
2361
2357
2353
2349
2345
2341
2337
2333
996
924
992
928
936
988
932
940
944
984
980
948
976
960
952
956
972
964
968
1052
1048
1044
1036
1040
900
904
1032
908
912
1024
896
920
888
1028
884
916
880
892
1020
1016
1012
1096
1088
96
1092
1084
88
1076
1080
92
116
39
27
108
1072
100
112
19
35
31
1068
23
11
104
43
1064
15
1060
124
7
1268
1056
3
120
1272
1248
1244
1252
1260
1240
1264
1256
1232
128
1236
1192
1188
1140
1132
1136
1128
1124
1120
87
1308
1316
1300
1116
1312
83
840
1292
