11087
3856
3851
3849
3845
3844
3843
3842
3841
3840
3836
3835
3833
3831
3830
3829
3828
3827
3826
3852
3857
3824
3858
3880
3879
3878
3877
3876
3875
3874
3873
3872
3868
3867
3865
3863
3862
3861
3860
3859
3825
3820
3546
3788
3785
3783
3782
3781
3780
3779
3778
3777
3776
3775
3772
3771
3769
3767
3765
3764
3763
3787
3792
3819
3793
3817
3815
3814
3813
3812
3811
3810
3809
3808
3804
3803
3801
3799
3797
3796
3795
3794
3881
3882
3883
3950
3948
3947
3946
3945
3944
3942
3941
3940
3939
3938
3937
3936
3935
3934
3933
3932
3931
3949
3951
3884
3952
3969
3968
3967
3966
3965
3964
3963
3962
3961
3960
3959
3958
3957
3956
3955
3954
3953
3930
3929
3928
3926
3905
3904
3903
3901
3900
3899
3898
3897
3896
3893
3892
3891
3890
3889
3888
3887
3885
3906
3907
3908
3918
3925
3924
3923
3922
3921
3920
3919
3917
3909
3916
3915
3914
3913
3912
3911
3910
3762
3761
3760
3624
3622
3621
3620
3619
3618
3617
3616
3615
3614
3612
3611
3608
3607
3606
3605
3604
3603
3623
3627
3650
3628
3648
3647
3646
3644
3643
3642
3640
3639
3638
3637
3636
3635
3634
3633
3632
3631
3630
3602
3601
3600
3599
3571
3570
3569
3568
3564
3563
3562
3560
3559
3558
3557
3556
3555
3554
3553
3552
3548
3572
3573
3574
3587
3598
3596
3595
3592
3590
3589
3588
3586
3575
3585
3584
3583
3582
3580
3579
3576
3649
3651
3759
3730
3728
3727
3724
3723
3721
3719
3718
3717
3716
3715
3714
3713
3712
3711
3708
3707
3705
3729
3731
3652
3732
3756
3755
3753
3751
3749
3748
3747
3746
3745
3744
3743
3740
3739
3737
3735
3734
3733
3703
3702
3701
3700
3672
3671
3670
3669
3668
3667
3666
3665
3664
3663
3662
3660
3659
3658
3656
3655
3653
3674
3675
3676
3690
3699
3698
3697
3696
3694
3692
3691
3688
3678
3686
3685
3684
3683
3682
3681
3680
3970
3971
3972
4202
4200
4199
4198
4197
4196
4195
4194
4193
4192
4191
4190
4189
4188
4187
4186
4185
4184
4201
4203
4224
4204
4221
4220
4219
4218
4217
4216
4215
4214
4213
4212
4211
4210
4209
4208
4207
4206
4205
4183
4181
4180
4179
4158
4157
4156
4155
4154
4153
4152
4151
4150
4149
4148
4147
4146
4145
4144
4143
4142
4159
4160
4161
4171
4178
4177
4176
4175
4174
4173
4172
4170
4162
4169
4168
4167
4166
4165
4164
4163
4223
4225
4140
4287
4285
4284
4283
4282
4281
4280
4279
4278
4277
4276
4275
4274
4273
4272
4271
4270
4269
4286
4288
4226
4289
4306
4305
4304
4303
4302
4301
4300
4299
4298
4297
4296
4295
4294
4293
4292
4291
4290
4268
4267
4266
4265
4243
4242
4241
4240
4239
4238
4237
4236
4235
4234
4233
4232
4231
4230
4229
4228
4227
4244
4245
4246
4257
4264
4263
4262
4261
4260
4259
4258
4256
4247
4255
4254
4253
4252
4250
4249
4248
4141
4139
3973
4033
4031
4030
4029
4028
4027
4026
4025
4024
4023
4022
4021
4020
4019
4018
4017
4016
4015
4032
4034
4054
4035
4052
4051
4050
4049
4048
4047
4046
4045
4044
4043
4042
4041
4040
4039
4038
4037
4036
4014
4013
4012
4011
3990
3989
3988
3987
3986
3985
3984
3983
3982
3981
3980
