0
6
60
12
48
30
24
18
36
42
54
126
114
90
120
84
108
96
78
102
72
66
70
82
132
138
88
112
144
94
76
106
150
100
130
124
118
174
156
192
180
162
168
186
16
4
10
34
28
22
40
1619
1625
64
58
46
52
1739
1709
1631
1637
1733
1601
1721
1727
1649
1589
1613
1607
1643
1595
160
1805
1847
198
1799
142
154
136
166
148
1835
1841
1829
1817
204
172
1823
1811
178
210
1793
246
234
240
216
228
222
1787
258
190
184
252
196
264
15
21
39
9
33
3
57
27
1385
1685
1679
1379
270
318
45
51
63
324
1697
276
1673
244
282
1703
226
208
312
294
396
202
1373
232
306
1769
420
402
214
300
288
408
354
414
256
220
238
250
262
1775
1781
348
1763
372
504
366
330
360
432
1757
336
474
522
1367
516
342
426
438
468
450
1745
444
1751
492
1325
510
1128
462
984
1361
498
456
486
732
726
322
534
1655
978
390
540
648
846
129
480
1182
528
268
3537
378
3531
1349
738
792
