519
503
487
343
471
455
327
311
439
263
247
295
279
423
231
199
183
215
407
151
135
167
375
391
119
359
103
71
87
39
55
23
7
50
34
42
66
551
10
74
26
82
18
162
98
114
631
535
2
679
58
567
599
106
146
695
615
583
90
663
647
122
130
138
154
170
266
330
226
346
290
218
242
314
250
194
298
258
306
186
202
282
234
274
338
178
210
322
855
871
839
823
807
386
775
759
466
791
354
370
434
450
743
402
711
727
418
498
482
514
362
426
378
458
474
394
410
442
506
522
490
530
562
546
594
578
626
610
690
642
658
674
706
722
866
738
834
786
770
818
754
802
850
1015
983
967
951
12
44
188
60
898
28
882
1031
76
1010
220
914
946
1042
930
935
204
92
962
994
108
1026
236
252
978
268
284
172
140
124
156
348
316
300
332
1047
903
1154
1138
999
1186
1106
1202
1218
919
1090
1170
1122
1074
1058
1234
1250
1282
538
1266
364
1298
36
4
20
554
380
189
570
396
1346
52
887
412
1330
586
1394
61
1314
68
1362
428
460
13
666
29
84
444
602
634
682
45
132
116
253
100
618
221
205
1378
650
164
476
698
237
148
349
301
77
333
492
317
269
285
93
508
524
157
125
109
141
212
173
292
340
308
1426
196
276
228
244
260
324
1442
1410
180
356
1458
420
404
372
468
388
1474
1490
484
436
452
516
500
1522
1506
1538
1554
1570
381
365
413
397
1666
429
445
1714
1650
580
1602
1698
1682
1634
461
1618
676
532
1746
692
1175
628
493
1730
477
564
1111
1586
548
596
660
509
644
1127
708
772
540
1079
820
804
572
756
525
588
852
868
836
724
740
788
612
556
620
604
636
652
700
684
668
1191
932
948
1012
884
996
1028
916
1044
964
1207
1223
900
213
1095
229
1159
245
293
181
261
1063
197
325
277
309
5
1188
21
1143
1204
1172
341
1778
1140
980
1076
53
101
1220
69
357
1762
1156
133
117
2106
1060
1124
37
2090
373
1108
1858
1842
1092
1794
1754
1826
421
405
389
2074
1738
1810
1890
149
165
1906
1300
469
2058
437
1236
1268
1722
1284
1922
716
812
1706
828
860
1316
748
1380
1252
780
1690
1348
796
1332
501
732
844
1364
1396
517
485
1674
876
2042
541
764
1834
1850
1802
2026
1818
1866
453
1882
653
605
2010
557
573
1770
589
685
1898
1786
621
637
1914
1642
701
1626
1658
1994
1930
1978
565
533
725
581
669
1962
2066
645
2098
629
1444
709
597
2034
549
773
613
2050
741
1428
677
1412
1946
1938
2018
1460
805
2082
693
661
757
874
789
1610
1508
853
1970
2002
1476
1492
1986
821
837
1556
1954
1524
1594
826
869
858
842
810
885
1572
714
1540
730
981
794
778
762
746
901
1668
933
1029
