4157
1434
1454
1453
1452
1450
1448
1447
1446
1444
1441
1440
1438
1436
1435
1432
1410
1430
1429
1428
1426
1424
1423
1422
1420
1418
1417
1416
1414
1412
1455
1456
1457
1458
1488
1487
1486
1485
1484
1483
1482
1481
1480
1479
1477
1476
1475
1474
1473
1471
1470
1469
1468
1467
1466
1465
1464
1463
1462
1461
1459
1411
1408
1490
1352
1365
1364
1363
1362
1361
1360
1359
1358
1357
1356
1355
1354
1353
1351
1405
1350
1349
1348
1347
1345
1344
1343
1342
1341
1340
1339
1338
1337
1366
1367
1368
1369
1404
1402
1400
1399
1398
1396
1394
1393
1392
1390
1388
1387
1386
1385
1384
1383
1381
1380
1379
1378
1377
1376
1375
1374
1373
1372
1371
1489
1491
1335
1571
1584
1583
1582
1581
1580
1579
1578
1577
1576
1575
1574
1573
1572
1570
1555
1569
1568
1567
1566
1565
1564
1563
1562
1561
1560
1559
1558
1557
1585
1586
1587
1588
1615
1614
1613
1612
1611
1610
1609
1608
1607
1606
1605
1604
1603
1602
1601
1600
1599
1598
1597
1596
1595
1594
1593
1592
1591
1590
1589
1556
1554
1492
1507
1520
1519
1518
1517
1516
1515
1514
1513
1512
1511
1510
1509
1508
1506
1553
1505
