3
7
11
15
19
23
27
31
35
39
43
47
51
55
59
63
67
71
75
79
83
87
91
95
99
103
107
111
115
119
123
127
131
135
139
143
147
151
155
159
163
167
171
175
179
183
187
191
195
199
203
207
211
215
219
223
227
231
235
239
243
247
251
255
259
263
267
271
275
279
283
287
291
295
299
303
307
311
315
319
323
327
331
335
339
343
347
351
355
359
363
367
371
375
379
383
387
391
395
399
403
407
411
415
419
423
427
431
435
439
443
447
451
455
459
463
467
471
475
479
483
487
491
495
499
503
507
511
515
519
523
527
531
535
539
543
547
551
555
559
563
567
571
575
579
583
587
591
595
599
603
607
611
615
619
623
627
631
635
639
643
647
651
655
659
663
667
671
675
679
683
687
691
695
699
703
707
711
715
719
723
727
731
735
739
743
747
751
755
759
763
767
771
775
779
783
787
791
795
799
803
807
811
815
819
823
827
831
835
839
843
847
851
855
859
863
867
871
875
879
883
887
891
895
899
903
907
911
915
919
923
927
931
935
939
943
947
951
955
959
963
967
971
975
979
983
987
991
995
999
1003
1007
1011
1015
1019
1023
1027
1031
1035
1039
1043
1047
1051
1055
1059
1063
1067
1075
1079
1083
1087
1091
1095
1099
1103
1107
1111
1115
1119
1123
1127
1131
1135
1139
1143
1147
1151
1155
1159
1163
1167
1171
1175
1179
1183
1187
1191
1195
1199
1203
1207
1211
1215
1219
1223
1227
1231
1235
1239
1251
1255
1263
1267
1271
1279
1283
1287
1295
1299
1303
1311
1315
1319
1327
1331
1335
1343
1347
1351
1359
1361
1363
1367
1377
1379
1383
1391
1393
1395
1399
1411
1415
1423
1427
1431
1439
1443
1447
1455
1459
1463
1471
1475
1479
1487
1495
1503
1507
1511
1519
1527
1535
1543
1551
1559
1567
1571
1575
1583
1591
1599
1607
1615
1623
1631
1633
1639
1647
1655
1663
1665
1667
1671
1679
1681
1687
1695
1697
1699
1703
1711
1713
1719
1727
1735
1743
1751
1759
1767
1775
1783
1791
1799
1807
1815
1823
1831
1839
1847
1855
1863
1871
1879
1887
1895
1903
1911
1919
1927
1935
1943
1951
1959
1967
1975
1983
1991
1999
2007
2015
2023
2031
2039
2047
2055
2063
2071
2079
2087
2095
2103
2111
2119
2127
2135
2143
2151
2159
2167
2175
2177
2183
2191
2199
2207
2215
2223
2225
2231
2239
2241
2247
2255
2263
2271
2279
2287
2295
2303
2311
2319
2327
2335
2343
2351
2359
2367
2375
2383
2391
2399
2407
2415
2423
2431
2439
2447
2455
2463
2471
2479
2487
2495
2503
2511
2519
2527
2535
2543
2551
2559
2567
2575
2583
2591
2593
2599
2607
2609
2615
2623
2625
2631
2639
2647
2655
2663
2679
2695
2711
2727
2743
2759
2775
2791
2799
2807
2815
2831
2847
2863
2879
2943
2959
2991
3007
3023
3039
3055
3071
3087
3103
3119
3135
3151
3167
3263
3279
3295
3311
3327
3343
3471
