2
5
7
10
13
18
21
23
26
29
34
37
39
42
45
50
53
55
58
61
66
69
71
74
77
82
85
87
90
93
98
101
103
106
109
114
117
119
122
125
130
133
135
138
141
146
149
151
154
157
162
165
167
170
173
178
181
183
186
189
194
197
199
202
205
210
213
215
218
221
226
229
231
234
237
242
245
247
250
253
258
261
263
266
269
274
277
279
282
285
290
293
295
298
301
306
309
311
314
317
322
325
327
330
333
338
341
343
346
349
354
357
359
362
365
370
373
375
378
381
386
389
391
394
397
402
405
407
410
413
418
421
423
426
429
434
437
439
442
445
450
453
455
458
461
466
469
471
474
477
482
485
487
490
493
498
501
503
506
509
514
517
519
522
525
530
533
535
538
541
546
549
551
554
557
562
565
567
570
573
578
581
583
586
589
594
597
599
602
605
610
613
615
618
621
626
629
631
634
637
642
645
647
650
653
658
661
663
666
669
674
677
679
682
685
690
693
695
698
701
706
709
711
714
717
722
725
727
730
733
738
741
743
746
749
754
757
759
762
765
770
773
775
778
781
786
789
791
794
797
802
805
807
810
813
818
821
823
826
829
834
837
839
842
845
850
853
855
858
861
866
869
871
874
877
882
885
887
890
893
898
901
903
906
909
914
917
919
922
925
930
933
935
938
941
946
949
951
954
957
962
965
967
970
973
978
981
983
986
989
994
997
999
1002
1005
1010
1013
1015
1018
1021
1026
1029
1031
1034
1037
1042
1045
1047
1050
1053
1058
1061
1063
1074
1077
1079
1085
1090
1093
1095
1106
1109
1111
1122
1125
1127
1138
1141
1143
1149
1154
1157
1159
1170
1173
1175
1186
1189
1191
1202
1205
1207
1213
1218
1221
1223
1234
1237
1239
1250
1253
1255
1266
1269
1271
1282
1285
1287
1298
1301
1303
1314
1317
1319
1330
1333
1335
1346
1349
1362
1365
1367
1378
1381
1383
1394
1397
1399
1410
1413
1418
1426
1429
1434
1442
1445
1450
1458
1461
1466
1474
1477
1482
1490
1493
1498
1506
1509
1514
1522
1525
1530
1538
1541
1546
1554
1557
1562
1570
1573
1578
1586
1589
1594
1602
1605
1610
1618
1621
1626
1634
1637
1642
1650
1653
1658
1666
1669
1674
1682
1685
1690
1698
1701
1706
1714
1717
1722
1730
1733
1738
1746
1749
1754
1762
1770
1778
1786
1794
1797
1802
1810
1818
1826
1834
1842
1850
1858
1866
1882
1890
1898
1906
1914
1922
1930
1946
1962
1978
1994
2010
2026
2042
2058
2074
2090
2106
2122
2154
2170
2218
2282
2298
2314
2330
2362
2378
2394
2410
2426
2442
2458
2474
2490
2522
2602
2634
2650
2714
2730
2746
2762
2778
2794
2826
2842
2922
2938
2954
2986
3002
3018
3034
3050
3066
3082
3098
3114
3130
3146
3162
3178
3194
3210
3226
3242
3258
3274
3290
3306
3322
3338
3466
3498
3514
