12
8
16
20
4
28
40
24
0
36
32
19
27
11
39
31
23
35
15
7
3
43
56
60
72
64
48
76
84
80
68
52
44
87
83
67
79
1272
75
1264
71
1268
1256
63
1260
1252
55
1248
59
1244
51
1240
47
1236
1232
2357
2341
2345
2337
2333
2349
2365
2369
2373
2353
2361
1196
1200
1204
2768
2764
2756
1316
1312
1212
1216
1220
2760
1208
1308
1304
2748
1296
1300
2744
1228
2752
1292
1224
2740
2736
1284
2732
1288
2728
1280
1188
1276
1192
96
116
88
108
92
112
100
2684
2696
104
2688
2700
124
2704
2708
2692
2712
2720
2716
1144
1160
1168
1164
120
1148
1172
2724
1176
128
1180
1184
1152
1156
1360
1356
1332
1348
1336
1352
