21
28
48
52
60
68
72
80
84
88
100
108
112
118
120
124
128
132
134
136
138
140
142
144
146
148
154
160
164
168
170
172
186
192
196
202
206
208
210
212
214
216
218
220
224
228
232
236
240
244
248
264
268
272
276
280
284
288
292
296
300
308
312
316
320
328
332
336
340
344
348
352
356
360
364
372
376
380
392
396
400
404
408
412
416
420
424
428
432
436
468
472
484
488
492
496
500
504
508
512
520
528
532
536
540
544
548
552
556
560
564
568
572
576
580
584
588
592
596
600
604
608
612
628
636
640
644
648
652
656
696
700
2351
2359
2363
2367
2371
2375
