4509
1609
1623
1622
1621
1620
1619
1618
1617
1616
1615
1614
1613
1612
1611
1610
1608
1625
1607
1606
1605
1603
1602
1601
1600
1599
1598
1597
1596
1595
1593
1592
1624
1626
1660
1643
1658
1657
1655
1654
1653
1652
1651
1650
1649
1648
1647
1646
1645
1644
1642
1627
1641
1640
1639
1638
1637
1636
1635
1634
1633
1632
1631
1630
1629
1628
1591
1590
1589
1538
1553
1552
1551
1550
1549
1548
1547
1546
1545
1544
1543
1542
1541
1540
1537
1588
1534
1532
1531
1530
1528
1527
1524
1522
1521
1520
1518
1517
1514
1512
1554
1555
1556
1557
1587
1586
1585
1584
1583
1582
1581
1580
1579
1578
1577
1576
1575
1574
1573
1572
1571
1570
1568
1567
1566
1565
1564
1563
1562
1561
1560
1559
1558
1659
1661
1801
1751
1765
1764
1763
1762
1761
1760
1759
1758
1757
1756
1755
1754
1753
1752
1750
1767
1749
1747
1746
1745
1744
1743
1742
1741
1740
1739
1738
1737
1736
1735
1766
1768
1662
1785
1799
1798
1797
1796
1795
1794
1793
1792
1791
1790
1789
1788
1787
1786
1784
1769
1783
1782
1781
1780
1779
1778
1777
1776
1775
1774
1773
1772
1771
1770
1734
1733
1732
1679
1694
1693
1692
1691
1690
1689
1688
1687
1685
1684
1683
1682
1681
1680
1678
1731
1677
1675
1674
1673
