6045
6093
6141
6109
6029
6125
6061
6013
5997
6077
6157
6333
6317
6301
6221
6173
6189
6205
6285
6237
6269
6253
5642
5645
6298
6218
6282
6314
6266
6170
6202
6234
6250
6330
6186
5786
5978
5674
5946
5834
5754
5722
5706
5738
5882
5914
5770
5866
5802
5898
5930
5690
5850
5962
5818
5917
5837
5869
5965
5885
5981
5853
5933
5901
5949
5821
5658
5805
5789
5693
5741
5773
5725
5757
5709
5677
6090
6106
6026
6138
6058
5994
6154
6010
6074
6042
6122
6130
6098
6146
6082
6114
6034
6002
6066
5986
6050
6018
5635
5651
5667
5634
5699
5683
5715
5731
5650
5747
5656
5874
5906
5922
5890
5842
5954
5858
5938
5810
5826
5970
5763
5666
5778
5779
5661
5794
5795
5746
5762
5827
5811
5730
5843
5714
5923
5907
5698
5939
5859
5955
5891
5971
5875
5682
5644
5646
6286
6174
6254
6270
6334
6302
6318
6238
6206
6190
6222
5657
5653
5636
5652
5669
5749
5765
5701
5685
5781
5797
5641
5733
5717
5925
5957
5829
5909
5941
5861
5813
5973
5877
5845
5893
5643
6124
6156
6092
6076
6012
6028
6108
6044
6060
5996
6140
5673
6324
5705
5753
5633
6292
5689
6276
5737
6308
5769
6244
6260
5801
5785
5721
6212
6228
6196
6180
5977
5945
6164
5913
5961
5865
5881
5849
5897
5833
5929
5817
5649
6001
6017
6033
5985
6049
6065
6113
6081
6097
6129
5980
5932
5868
5900
6145
5948
5916
5884
5820
5852
5964
5836
6287
6175
6223
6191
6335
6239
6319
6303
6207
6271
6255
6313
6297
6281
6316
6300
6332
6265
6217
6329
6249
5835
6185
6268
6284
5691
5675
5915
5804
6201
5739
5707
5803
6233
5659
5708
5947
5931
5979
5963
5819
5883
5899
5851
5867
6169
5740
5788
5772
5724
5787
5771
5723
5755
5918
5660
6483
6451
5982
5886
6467
6499
5966
5806
5950
5934
5692
6403
6419
6435
5854
5756
5676
96
6355
6236
6204
6220
5902
6252
6778
6810
6730
5870
6538
6858
6842
6698
6826
6762
6746
6714
5838
5822
5774
6666
6618
5790
6371
6387
6339
6634
6794
64
144
5694
5710
160
6586
5742
336
