7215
2574
2576
2577
2578
2579
2580
2582
2583
2584
2585
2586
2587
2588
2589
2590
2591
2592
2593
2594
2595
2596
2598
2599
2600
2575
2573
2602
2572
2547
2548
2550
2551
2552
2553
2554
2555
2556
2557
2558
2559
2560
2561
2562
2563
2564
2566
2567
2568
2569
2570
2571
2601
2603
2545
2636
2638
2639
2640
2641
2642
2643
2644
2645
2646
2647
2648
2649
2650
2651
2652
2653
2654
2655
2656
2657
2658
2659
2660
2637
2635
2604
2633
2605
2606
2607
2608
2609
2610
2612
2614
2615
2616
2617
2619
2620
2621
2622
2623
2624
2625
2626
2628
2630
2631
2632
2546
2544
2662
2454
2460
2461
2463
2464
2465
2466
2467
2468
2470
2471
2472
2473
2474
2475
2476
2477
2478
2479
2480
2481
2482
2483
2484
2458
2452
2487
2451
2417
2418
2419
2420
2422
2426
2427
2429
2431
2432
2433
2434
2435
2436
2438
2442
2443
2444
2445
2447
2448
2449
2450
2486
2488
2543
2516
2519
2520
2521
2522
2523
2524
2525
2526
2527
2528
2529
2530
2531
2532
2534
2535
2536
2537
2538
2539
2540
2541
2542
2518
2515
2489
2514
2490
2491
2492
2493
2494
2495
2496
2497
2498
2499
2500
2502
2503
2504
2505
2506
2507
2508
2509
2510
2511
2512
2513
2661
2663
2415
2798
2800
2801
2802
2803
2804
2805
2806
2807
2808
2809
2810
2811
2813
2814
2815
2816
2817
2818
2819
2820
2821
2822
2823
2799
2797
2825
2796
2773
2774
2775
2776
2777
2778
2779
2780
2781
2782
2783
2784
2785
2786
2787
2788
2789
2790
2791
2792
2793
2794
2795
2824
2826
2771
2853
2855
2856
2857
2858
2859
2860
2861
2862
2863
2864
2865
2866
2867
2868
2869
2870
2871
2872
2873
2874
2875
2876
2877
2854
2852
2827
2851
2828
2829
2830
2831
2832
2833
2834
2835
2836
2837
2838
2839
2840
2841
2842
2843
2844
2845
2846
2847
2848
2849
2850
2772
2770
2664
2690
2692
2693
2694
2695
2696
2697
2698
2699
2700
2701
2702
2703
2704
2705
2706
2707
2708
2709
2710
2711
2712
2713
2714
2691
2689
2716
2688
2665
2666
2667
2668
2669
2670
2671
