3880
4353
4342
4331
4320
4309
4298
4287
4276
4265
4254
4243
4221
4210
4199
4177
4232
4166
4188
4155
4133
4144
4122
3878
3900
4010
4109
3933
3911
3977
4043
3988
3955
3966
4076
4054
3999
4087
4065
4098
3922
3944
4032
4021
4351
4285
4252
4296
4263
4340
4329
4274
4307
4318
4241
4230
4120
4164
4219
4175
4131
4186
4197
4142
4153
4208
3889
4111
4100
4089
4078
4067
4045
4056
4034
4023
4012
4001
3990
3979
3968
3957
3946
3935
3924
3913
3902
4214
4181
4225
4203
4170
4192
4126
4159
4137
4148
4115
3874
3885
3873
3884
4060
4093
4082
4104
4038
4016
4027
4049
4005
4071
3994
3983
3972
3961
3950
3939
3928
3917
3906
3895
3888
4944
4922
4889
4955
4834
4933
4878
4812
4823
4768
4911
4790
4801
4779
4867
4856
4845
4757
4900
4746
4680
4735
4713
4691
4702
4724
4603
4614
4625
4669
4658
4636
4647
4581
4157
4223
4570
4179
4201
4190
4168
4559
4212
4592
4537
4526
4234
4548
4135
4515
4124
4493
4146
4482
4504
4471
4449
4460
4438
4427
4405
4416
4361
4372
4394
4383
3896
3951
3907
3918
3962
3973
3940
3929
3984
4028
3995
4017
4006
4039
4105
4061
4094
4050
4072
4083
3891
19
8
41
30
52
63
74
96
85
107
118
151
184
173
129
162
140
195
206
217
228
239
272
305
261
316
283
250
294
338
327
349
360
437
404
393
371
415
