3528
3958
3948
3938
3928
3918
3908
3898
3888
3878
3868
3858
3838
3828
3818
3798
3848
3788
3808
3778
3758
3768
3748
3526
3546
3646
3736
3576
3556
3616
3676
3626
3596
3606
3706
3686
3636
3716
3696
3726
3566
3586
3666
3656
3956
3896
3866
3906
3876
3946
3936
3886
3916
3926
3856
3846
3746
3786
3836
3796
3756
3806
3816
3766
3776
3826
3536
3738
3728
3718
3708
3698
3678
3688
3668
3658
3648
3638
3628
3618
3608
3598
3588
3578
3568
3558
3548
3831
3801
3841
3821
3791
3811
3751
3781
3761
3771
3741
3522
3532
3521
3531
3691
3721
3711
3731
3671
3651
3661
3681
3641
3701
3631
3621
3611
3601
3591
3581
3571
3561
3551
3541
3535
4495
4475
4445
4505
4395
4485
4435
4375
4385
4335
4465
4355
4365
4345
4425
4415
4405
4325
4455
4315
4255
4305
4285
4265
4275
4295
4185
4195
4205
4245
4235
4215
4225
4165
4155
4145
4175
4125
4115
4135
4105
4085
4075
4095
4065
4045
4055
4035
4025
4005
4015
3965
3975
3995
3985
3542
3592
3552
3562
3602
3612
3582
3572
3622
3662
3632
3652
3642
3672
3732
3692
3722
3682
3702
3712
3538
18
8
38
28
48
58
68
88
78
98
108
138
168
158
118
148
128
178
188
198
208
218
248
278
238
288
