3958
3898
3888
3908
3918
3938
3948
3928
3878
3858
3868
3838
3788
3828
3778
3798
3808
3758
3848
3818
3748
3768
3528
3526
3846
3836
3746
3796
3756
3826
3786
3806
3776
3766
3816
3906
3926
3876
3936
3956
3866
3946
3916
3896
3706
3886
3666
3856
3676
3636
3546
3716
3686
3656
3646
3736
3726
3566
3626
3556
3596
3606
3576
3696
3586
3616
3536
3718
3738
3658
3648
3638
3678
3688
3698
3708
3668
3728
3578
3628
3568
3608
3618
3588
3598
3558
3548
3751
3791
3801
3761
3781
3841
3821
3771
3831
3741
3811
3532
3522
3535
3521
3531
3731
3651
3641
3721
3701
3661
3681
3691
3631
3671
3711
3591
3551
3561
3571
3621
3601
3581
3611
3541
3538
3612
3562
3622
3572
3602
3592
3552
3582
3662
3642
3632
3652
4035
3682
4445
4055
4015
4005
3995
4065
4025
4405
4355
4505
4435
3722
4045
3975
4395
3533
4495
3732
3985
4425
4475
4485
4295
4455
3712
3965
4335
4465
4375
3702
4325
3692
3672
4255
4365
4385
4105
4175
4305
4415
4345
4145
4315
4095
4185
4085
4135
4155
4205
4225
4245
4115
4165
4075
4285
4235
4125
4215
4265
4275
4195
3542
3527
4060
4030
4050
4040
4010
4020
3980
4000
3990
3960
3970
3543
3553
3563
3603
3583
3573
3623
3613
3593
3959
3912
3922
3919
