3880
4230
4120
4164
4219
4175
4131
4186
4197
4142
4153
4208
4353
4342
4331
4320
4309
4298
4287
4276
4265
4210
4199
4221
4232
4177
4166
4188
4254
4133
4243
4155
4144
4122
4944
4922
4889
4955
4834
4933
4878
4812
4823
4768
4911
4790
4801
4779
4867
4856
4845
4757
4900
4746
4680
4735
4713
4691
4702
4724
4603
4614
4625
4669
4658
4636
4647
4581
4570
4559
4592
4537
4526
4548
4515
4493
4482
4504
3885
4471
4449
3874
4460
4438
4427
4405
4416
4361
4372
4394
4383
4060
4093
4038
4104
4082
4016
4027
4005
4049
4071
3994
3983
3972
3873
3961
3950
3939
3928
3884
3917
3906
3895
4115
4148
4137
4159
4126
4170
4203
4192
4225
4214
4181
3888
3902
3913
3924
3935
3946
3957
3878
3968
4179
4201
4190
4223
4157
4168
4135
4234
4212
3979
4146
4124
3990
3896
3907
3951
3918
3940
3962
3973
3929
3984
4347
4336
4325
4314
4028
4303
3995
4017
4292
4006
4039
4105
4061
4281
4094
4050
4072
4083
4270
4259
4248
4237
3891
4001
4012
4034
4023
4056
4045
4078
4252
4067
4351
4285
4089
4111
4100
4296
4263
4241
4274
4340
4307
4318
4329
3886
3889
4444
4466
4433
4455
4411
4356
4422
4378
4367
4400
4389
3897
4043
4076
4010
4109
4032
3999
4098
4054
4065
4087
3908
3919
3930
3941
3952
3963
3974
3985
4021
4106
4007
4062
4073
4095
3996
4029
4084
4051
4040
4018
3966
3933
3944
3977
