4320
4342
4331
4353
4309
4298
4287
4265
4276
4254
4243
3880
4210
4232
4188
4166
4144
4122
4199
4221
4177
4133
4155
3878
4329
4307
4274
4241
4351
4296
4208
4131
4142
4230
4153
4164
4219
4175
4186
4263
4120
3944
4197
3900
4285
3977
4252
4318
4340
4065
4076
3966
3999
4054
4010
4021
3955
4109
3988
3911
4032
4087
4043
3933
3922
4098
4023
4012
4111
4001
4100
4067
4078
4056
4089
3889
4034
4045
3968
3979
3990
3957
3946
3935
3913
3902
3924
4159
4192
4137
4126
4115
4170
4181
4203
4225
4214
4148
3873
3884
3874
3885
4071
4104
4005
4016
4049
4093
4027
4082
4060
3994
4038
3983
3888
4493
4146
4179
4212
4223
4157
4135
4190
4234
4482
3972
4168
4201
4124
3961
3950
4471
4405
4361
4504
4416
4537
4460
3917
3928
4526
4559
4867
3939
4449
4669
4570
4878
4515
3895
3906
4647
4372
4394
4900
4713
4856
4383
4790
4625
4592
4834
4427
4438
4581
4823
4658
4724
4922
4845
4812
4746
4548
4779
4735
4603
4944
4933
4889
4955
4680
4614
4702
4911
4636
4768
4691
4757
4801
3984
3940
3929
3918
3962
3951
3973
3907
3891
4039
4017
4006
4028
3995
3896
4061
4094
4105
4050
3886
3879
4072
4083
3897
3919
3908
3985
3974
3930
3941
3952
3963
4433
4356
4389
4367
4411
4422
4400
4444
4455
4378
4466
4277
4266
4299
4255
4343
4310
4321
4288
4244
4332
4354
4084
4095
4106
4051
4018
