3528
3846
3746
3786
3836
3796
3756
3806
3816
3766
3776
3826
3958
3948
3938
3928
3918
3908
3898
3888
3878
3828
3818
3838
3848
3798
3788
3808
3868
3758
3858
3778
3768
3748
4495
4475
4445
4505
4395
4485
4435
4375
4385
4335
4465
4355
4365
4345
4425
4415
4405
4325
4455
4315
4255
4305
4285
4265
4275
4295
4185
4195
4205
4245
4235
4215
4225
4165
4155
4145
3532
4175
4125
4115
4135
4105
4085
4075
4095
3522
4065
4045
4055
4035
4025
4005
4015
3965
3975
3995
3985
3691
3721
3731
3711
3671
3651
3661
3641
3681
3521
3701
3631
3531
3621
3611
3601
3591
3581
3571
3561
3551
3541
3535
3741
3771
3761
3781
3751
3791
3821
3811
3841
3831
3801
3548
3558
3542
3568
3592
3552
3562
3582
3602
3612
3572
3578
3622
3588
3598
3526
3662
3608
3632
3652
3618
3642
3672
3732
3692
3722
3628
3682
3702
3712
3538
3638
3648
3668
3658
3688
3678
3708
3866
3698
3956
3896
3718
3738
3728
3906
3876
18
3856
8
3886
3952
38
28
3942
48
3932
3946
68
58
3922
3916
3912
88
3926
78
3902
98
108
3936
3892
138
168
158
118
3872
3882
148
128
3862
178
188
3852
198
208
3533
218
248
278
238
288
258
228
268
308
298
318
328
398
368
