5645
6333
6317
6301
6285
6269
6253
6237
6221
6205
6189
6173
6141
6109
6125
6077
6157
6093
6061
6013
6045
6029
5997
5642
5644
5834
5978
5674
5882
5930
5722
5898
5818
5946
5690
5786
5754
5802
5962
5914
5770
5850
5866
5706
5738
6330
6234
6250
6186
6202
6314
6218
6298
6266
6282
6170
6154
5994
6058
6138
6074
6010
6090
6106
6026
6042
6122
5658
5981
5965
5949
5933
5917
5885
5901
5869
5853
5837
5821
5805
5789
5773
5757
5741
5725
5709
5693
5677
6130
6082
6114
6066
6146
6098
6002
6034
6050
5986
6018
5635
5651
6156
6060
6124
6076
6140
6108
6092
6044
6028
6012
5996
6332
6316
6300
6284
6268
6252
6236
6220
6204
6188
6172
5906
5954
5970
5874
5938
5842
5858
5826
5890
5922
5810
5794
5634
5778
5762
5746
5650
5730
5714
5667
5698
5682
5666
5747
5683
5699
5763
5779
5731
5715
5795
5646
5859
5811
5843
5656
5827
5875
5971
5907
5891
5955
5923
5939
5657
5641
5661
5673
5769
5689
5737
5721
5785
5705
5801
5753
5977
5913
5636
5897
5945
5865
5881
5961
5652
5817
5929
5833
5849
7112
7192
7176
7144
7160
7128
7064
7208
7032
6968
7000
6952
6936
7096
7016
7080
6984
7048
6904
6920
6856
6840
6808
6824
6712
6696
6888
6872
6728
6744
6792
6776
6760
6664
6648
6584
6680
6600
6568
6536
6616
6632
6520
6552
6504
6472
6456
6488
6440
6344
6408
6424
6360
6392
6376
29
61
13
45
6302
109
93
6318
6286
141
77
125
6334
6270
157
6254
173
6145
6081
6238
6097
6001
6049
6113
6129
6017
6065
6033
5985
6222
221
253
269
6174
237
189
6206
6190
285
205
301
333
317
461
349
413
397
493
381
365
445
509
477
429
525
637
573
589
669
653
541
605
7193
557
621
685
7161
7097
6937
7209
701
7033
7017
5649
7001
6985
7177
7113
6921
7049
6969
6809
6889
7081
6953
7145
5980
6825
6793
6873
6841
6905
6729
6777
7065
5932
6857
6761
5916
7129
6697
5868
6745
6713
5948
5964
5900
5852
5633
5884
5836
749
5820
