6316
6332
6300
6268
6284
6252
6236
6220
6204
6172
6188
6012
6044
6092
6060
6140
6076
5641
6028
6156
6108
6124
5996
6329
6169
6217
6185
6233
5673
6201
6313
6249
6281
6265
5849
6297
5769
5929
5881
5977
5801
5961
5833
5817
5689
5753
5705
5737
5945
5721
5865
5897
5785
5913
5644
5657
5900
5884
5948
5916
5932
5964
5980
5868
5820
5852
5836
5804
5635
5788
5740
5772
5724
5756
5651
5708
5692
5676
5643
6153
6137
6121
5993
6105
6009
6025
6041
6057
6073
6089
6082
6002
5986
6066
6050
6114
6146
6018
6098
6034
6130
5699
5715
5683
5795
5779
5763
5731
5747
5667
6139
6075
6091
6059
6123
6155
6043
6107
5995
6027
6011
5656
5907
5891
5923
5955
5939
5843
5859
5811
5827
5971
5875
5999
6095
6063
6079
6015
6159
6031
6143
6127
6111
6047
6001
5985
6017
6049
6033
6129
6145
6065
6097
6113
6081
5633
6267
6203
6251
6283
6299
6315
6187
6331
6171
6235
6219
6792
6808
6712
6744
5778
5794
6840
5730
5746
7192
6728
6776
5762
5954
5810
5970
5842
5906
5634
5826
5890
5874
5938
5922
5858
6696
5714
5698
5682
7096
7032
5666
7208
7176
7160
6856
7112
6872
7080
7144
7128
6936
6968
6824
6920
7064
7000
6664
6648
6600
7016
7048
6552
6584
6680
6536
6616
6632
5650
6904
6888
6520
6568
5655
6760
5915
5947
5963
5931
5867
5851
5835
5899
5883
5979
5819
5649
6984
6952
6504
6472
6424
6488
6456
6440
6344
6392
6376
6360
6408
5803
5771
5787
5739
5723
5707
5755
5691
5660
5905
5969
5937
5921
5675
5809
5953
5825
5873
5889
5857
5841
5793
5777
5761
6285
5745
5729
6253
6269
6317
6301
6237
6333
6221
6189
6205
5713
6173
5665
5697
5681
171
155
139
107
315
187
347
331
523
299
203
123
59
91
11
27
75
219
43
363
603
283
411
5640
395
507
555
571
267
491
539
635
379
251
235
587
475
5672
5642
443
5659
427
699
683
619
459
5688
651
667
5704
6046
6158
6078
6126
6062
5998
6030
6110
6142
6014
6094
5720
