13
29
45
61
77
93
109
125
141
157
173
189
205
221
237
253
269
285
301
317
333
349
365
381
397
413
429
445
461
477
493
509
525
541
557
573
589
605
621
637
653
669
685
701
717
733
749
765
781
797
813
829
845
861
877
893
909
925
941
957
973
989
1005
1021
1037
1053
1069
1085
1101
1117
1133
1149
1165
1181
1197
1213
1229
1245
1261
1277
1293
1309
1325
1341
1357
1373
1389
1405
1421
1437
1453
1469
1485
1501
1517
1533
1549
1565
1581
1597
1613
1629
1645
1661
1677
1693
1709
1725
1741
1757
1837
5633
5634
5635
5636
5641
5642
5644
5645
5646
5650
5651
5652
5656
5658
5661
5666
5667
5674
5677
5679
5682
5683
5690
5693
5695
5698
5699
5706
5709
5714
5715
5722
5725
5730
5731
5738
5741
5743
5746
5747
5754
5757
5759
5762
5763
5770
5773
5778
5779
5786
5789
5791
5794
5795
5802
5805
5810
5811
5818
5821
5826
5827
5834
5837
5842
5843
5850
5853
5858
5859
5866
5869
5874
5875
5882
5885
5887
5890
5891
5898
5901
5906
5907
5914
5917
5922
5923
5930
5933
5935
5938
5939
5946
5949
5954
5955
5962
5965
5970
5971
5978
5981
5985
5986
5994
5997
6001
6002
6010
6013
6017
6018
6026
6029
6033
6034
6042
6045
6049
6050
6058
6061
6065
6066
6074
6077
6081
6082
6090
6093
6097
6098
6106
6109
6113
6114
6122
6125
6129
6130
6138
6141
6145
6146
6154
6157
6164
6170
6172
6173
6180
6186
6189
6196
6202
6204
6205
6212
6218
6221
6228
6234
6237
6244
6250
6253
6260
6266
6269
6270
6276
6282
6285
6292
6298
6301
6308
6314
6317
6324
6330
6332
6333
6337
6345
6353
6361
6369
6377
6385
6393
6401
6409
6417
6425
6433
6441
6449
6457
6465
6473
6481
6489
6497
6505
6521
6537
6553
6569
6585
6601
6617
6633
6649
6665
6681
6697
6713
6729
6745
6761
6777
6793
6809
6825
6841
6857
6873
6889
6905
6921
6937
6953
6969
6985
7001
7017
7033
7049
7065
7081
7097
7113
7129
7145
7161
7177
7193
7209
