5644
5643
6153
5993
6057
6137
6073
6009
6089
6041
6025
6105
6121
6123
6155
6075
6059
6107
6091
6139
6043
6011
6027
5995
6130
6082
6098
6114
6146
6002
6066
6050
5986
6034
6018
6332
6316
6300
6284
6268
6252
6236
7192
7160
7112
7208
7176
7032
7096
6936
7000
7016
7144
6968
6220
6984
7064
6952
6920
7080
7048
7128
6808
6904
6840
6856
6824
6888
6872
6712
6728
6696
6792
6744
6776
6760
6204
6664
6648
6188
6632
6680
6600
6584
6172
6536
6568
6616
6552
6520
6331
6315
5634
6299
6504
6472
6283
5667
6488
6456
5650
6440
6408
6424
6344
6360
6392
6376
6267
6251
5747
5683
5779
5763
5699
5731
5715
6235
5795
6219
5954
5826
5842
5938
5906
6203
5970
5922
5890
5874
5858
6187
5810
6171
5794
5778
5762
5746
5859
5730
5843
5666
5811
5714
5698
5827
5682
5676
5875
5971
5907
5955
5891
5923
5939
5692
6111
6095
6063
6143
6015
6079
6159
6047
6127
6031
5999
5708
5724
5651
5740
5756
5635
5772
5788
5804
5656
5660
5641
6140
6076
6108
6124
6060
6156
6092
6012
6044
6028
5996
5820
5836
5868
5852
5900
5884
5932
5916
5948
5964
5980
6333
6317
6285
6301
6269
6237
6253
6221
6173
6189
6205
5645
5642
6129
6065
6081
6113
6001
6145
6017
6033
6049
6097
5985
6233
6329
64
6185
6201
6249
6169
48
176
96
80
32
192
6313
6217
208
224
6297
112
0
256
6281
16
6265
240
144
128
352
160
368
384
272
5657
5655
400
288
5653
304
416
432
528
320
448
544
6464
464
6496
6480
6448
6336
6416
6432
6248
6368
6352
6400
6168
6216
6232
6384
6184
6328
6200
336
6264
6296
6280
560
6312
480
496
5640
576
512
592
608
704
640
720
624
880
5805
656
5981
736
5789
5965
5933
5949
5917
5773
5633
5901
752
5837
5885
5869
5757
768
5853
5741
5881
5821
5725
5709
896
5929
784
5693
5833
800
5677
5796
672
5764
5897
5780
5716
5732
5748
5700
5649
5977
5684
816
5972
5908
5956
5828
5940
5860
832
912
5924
5865
