4960
1761
1763
1765
1766
1767
1768
1769
1770
1771
1772
1773
1774
1775
1776
1777
1778
1762
1760
1817
1759
1743
1744
1745
1746
1747
1748
1749
1750
1751
1752
1754
1755
1756
1757
1758
1779
1780
1781
1782
1801
1802
1803
1804
1805
1806
1807
1808
1809
1810
1811
1812
1813
1814
1815
1800
1799
1798
1789
1783
1784
1785
1786
1787
1788
1790
1797
1791
1792
1793
1794
1795
1796
1742
1741
1740
1702
1682
1683
1684
1685
1687
1690
1691
1693
1694
1695
1696
1697
1698
1699
1700
1680
1679
1676
1662
1652
1654
1657
1658
1660
1661
1663
1674
1665
1668
1669
1671
1672
1673
1701
1703
1739
1704
1723
1724
1726
1727
1728
1729
1730
1731
1732
1733
1734
1735
1736
1737
1738
1722
1721
1720
1711
1705
1706
1707
1708
1709
1710
1712
1719
1713
1714
1715
1716
1717
1718
1816
1818
1973
1917
1919
1920
1921
1923
1924
1925
1926
1927
1928
1929
1930
1931
1932
1933
1934
1918
1916
1819
1915
1900
1901
1902
1903
1904
1905
1906
1907
1908
1909
1910
1911
1912
1913
1914
1935
1936
1937
1938
1957
1958
1959
1960
1961
1962
1963
1964
1965
1966
1967
1968
1969
1970
1971
1956
1955
1954
1945
1939
1940
1941
1942
1943
1944
1946
1953
1947
1948
1949
1950
1951
1952
1899
1898
1897
1857
1839
1840
1841
1842
1844
1845
1846
1847
1848
1849
1850
1851
1852
1853
1855
1838
1837
1836
1827
1820
1822
1823
