11
27
43
59
75
91
107
112
139
171
176
192
203
219
235
251
267
283
299
411
427
443
459
475
491
571
587
603
619
635
651
5633
5634
5635
5641
5643
5644
5645
5649
5650
5651
5655
5656
5657
5660
5665
5666
5667
5672
5673
5675
5676
5681
5682
5683
5688
5689
5691
5692
5697
5698
5699
5704
5705
5707
5708
5713
5714
5715
5720
5721
5723
5724
5729
5730
5731
5736
5737
5739
5740
5745
5746
5747
5752
5753
5755
5756
5761
5762
5763
5768
5769
5771
5772
5777
5778
5779
5784
5785
5787
5788
5793
5794
5795
5800
5801
5803
5804
5809
5810
5811
5817
5819
5820
5825
5826
5827
5833
5835
5836
5841
5842
5843
5849
5851
5852
5857
5858
5859
5865
5867
5868
5873
5874
5875
5881
5883
5884
5889
5890
5891
5897
5899
5900
5905
5906
5907
5913
5915
5916
5921
5922
5923
5929
5931
5932
5937
5938
5939
5945
5947
5948
5953
5954
5955
5961
5963
5964
5969
5970
5971
5977
5979
5980
5985
5986
5993
5995
5996
5998
5999
6001
6002
6009
6011
6012
6014
6015
6017
6018
6025
6027
6028
6030
6031
6033
6034
6041
6043
6044
6046
6047
6049
6050
6057
6059
6060
6062
6063
6065
6066
6073
6075
6076
6078
6079
6081
6082
6089
6091
6092
6094
6095
6097
6098
6105
6107
6108
6110
6111
6113
6114
6121
6123
6124
6126
6127
6129
6130
6137
6139
6140
6142
6143
6145
6146
6153
6155
6156
6158
6159
6169
6171
6172
6173
6185
6187
6188
6189
6201
6203
6204
6205
6217
6219
6220
6221
6233
6235
6236
6237
6249
6251
6252
6253
6265
6267
6268
6269
6281
6283
6284
6285
6297
6299
6300
6301
6313
6315
6316
6317
6329
6331
6332
6333
6336
6344
6352
6360
6368
6376
6384
6392
6400
6408
6416
6424
6432
6440
6448
6456
6464
6472
6480
6488
6496
6504
6520
6536
6552
6568
6584
6600
6616
6632
6648
6664
6680
6696
6712
6728
6744
6760
6776
6792
6808
6824
6840
6856
6872
6888
6904
6920
6936
6952
6968
6984
7000
7016
7032
7048
7064
7080
7096
7112
7128
7144
7160
7176
7192
7208
