7215
2564
2567
2568
2569
2570
2571
2572
2573
2574
2576
2577
2578
2579
2580
2581
2583
2584
2585
2586
2587
2588
2589
2590
2592
2565
2563
2594
2562
2536
2537
2538
2539
2540
2541
2542
2544
2545
2546
2547
2548
2549
2551
2552
2553
2554
2555
2556
2557
2558
2560
2561
2593
2595
2534
2628
2630
2631
2632
2633
2634
2636
2637
2638
2640
2641
2643
2644
2645
2646
2647
2648
2649
2650
2651
2652
2653
2654
2655
2629
2627
2596
2626
2597
2599
2600
2601
2602
2603
2604
2605
2606
2608
2609
2610
2611
2612
2613
2616
2617
2618
2620
2621
2622
2624
2625
2535
2533
2387
2435
2439
2443
2444
2445
2448
2449
2450
2451
2452
2455
2459
2460
2461
2464
2465
2466
2467
2468
2469
2470
2471
2472
2473
2436
2434
2475
2433
2391
2395
2396
2397
2400
2401
2402
2403
2404
2407
2411
2412
2413
2416
2417
2418
2419
2420
2423
2427
2428
2429
2432
2474
2476
2532
2505
2507
2508
2509
2510
2512
2513
2514
2515
2516
2517
2518
2519
2520
2521
2522
2523
2524
2525
2526
2528
2529
2530
2531
2506
2504
2477
2503
2478
2480
2481
2482
2483
2484
2485
2486
2487
2488
2489
2490
2491
2492
2493
2494
2496
2497
2498
2499
2500
2501
2502
2656
2657
2659
2805
2807
2808
2809
2810
2813
2814
2815
2816
2817
2818
2819
2820
2821
2822
2823
2824
2825
2826
2827
2828
2829
2830
2831
2806
2804
2833
2803
2775
2776
2778
2780
2781
2782
2783
2784
2785
2787
2788
2789
2790
2791
2792
2793
2794
2797
2798
2799
2800
2801
2802
2832
2834
2660
2863
2865
2866
2867
2868
2869
2870
2871
2872
2873
2874
2875
2876
2877
2878
2879
2880
2881
2882
2883
2884
2885
2886
2887
2864
2862
2835
2861
2836
2837
2838
2839
2840
2843
2844
2845
2846
2847
2848
2849
2850
2851
2852
2853
2854
2855
2856
2857
2858
2859
2860
2774
2773
2772
2687
2689
2691
2692
2693
2694
2695
2696
2697
2698
2699
2700
2701
2702
2703
2704
2705
2707
2708
2709
2710
2711
2712
2713
2688
2686
2771
2685
2661
2662
2663
2664
2665
2666
2667
