3528
3958
3948
3938
3928
3918
3908
3898
3888
3878
3828
3818
3838
3848
3798
3788
3808
3868
3758
3858
3778
3768
3748
3532
3522
3691
3721
3671
3731
3711
3651
3661
3681
3641
3701
3631
3621
3611
3601
3591
3581
3571
3561
3551
3541
3521
3531
3535
3846
3746
3786
3836
3796
3756
3741
3771
3761
3806
3781
3751
3816
3791
3821
3811
3766
3841
3831
3776
3801
3826
3548
3558
3568
3578
3588
3598
3526
3608
3618
3628
3538
3542
3552
3582
3592
3562
3602
3612
3572
3533
3622
3662
3632
3652
3672
3732
3642
3692
3722
3682
3712
3702
3952
3942
3932
3922
3912
3902
3892
3882
3638
3872
3648
3668
3658
3688
3862
3678
3708
3866
3698
3852
3956
3896
3718
3738
3728
3906
3876
3856
3886
3946
3916
3926
3527
3936
3543
3536
3959
3889
3929
3859
3939
3949
3919
3899
3879
3869
3553
3676
3909
3706
3646
3563
3736
3573
3583
3666
3636
3726
3593
3603
4040
3613
3686
4060
4030
3623
4050
4010
4020
3960
3980
3970
4000
3990
3696
3716
3656
3733
3693
3723
3643
3663
3713
3703
3633
3683
3673
3653
3629
3619
3609
3599
3589
3606
3579
3739
3569
3576
3586
3729
3709
3559
3616
3549
3699
3719
3596
3689
3649
3626
3669
3659
3679
3639
3566
3556
3546
3537
4032
4062
3804
3824
3814
