5644
5643
6332
6316
6300
6284
6268
6252
6236
6220
6204
6188
6172
6140
6108
6076
6124
6156
6060
6092
6044
6012
5996
6028
5641
5833
5673
5977
5881
5929
5721
5817
5897
5689
5785
5753
5945
5801
5961
5913
5769
5849
5865
5705
5737
6329
6233
6249
6185
6313
6201
6217
6297
6265
6281
6169
6153
5993
6123
6155
6075
6057
6059
6107
6091
6139
6043
6011
6027
5995
6137
6073
6009
6089
6105
6025
6041
6121
5657
6331
6315
6299
6283
6267
6251
6235
6219
6203
6187
6171
5980
5964
5948
5916
5932
5884
5900
5868
5852
5820
5836
5635
5804
5651
5788
5772
5756
5740
5724
5708
5692
5676
6130
6082
6098
6114
6146
6066
6002
6050
5986
6034
6018
6129
6081
6145
6065
6113
6001
6017
6097
6033
6049
5985
7192
5656
7160
7112
7208
7176
7032
7096
6936
7000
7016
7144
6968
6984
6952
7064
7048
7080
6920
7128
6808
6904
6856
6840
6888
6824
6872
6712
6696
6728
6792
6744
6776
6760
6664
6648
6632
6680
6600
6584
6568
6616
6536
6552
6520
6504
6472
6488
6456
6440
6408
6424
6344
6360
6392
6376
5667
5747
5683
5779
5699
5763
5731
5715
5795
5634
5650
5859
5843
5811
11
27
43
59
107
139
75
91
171
123
5827
155
5979
5931
5963
5947
5867
5899
5915
5851
5883
5835
5875
5971
5819
5954
5826
5842
5907
5906
5938
5970
5922
5955
5891
5890
5874
5858
5923
5810
5939
5633
299
5649
283
331
315
267
251
347
5794
235
219
5778
203
187
5762
5746
5730
5714
443
459
507
5666
5698
491
523
475
427
411
395
5682
379
363
635
667
603
587
651
683
571
619
699
539
555
6111
6095
6063
6143
6079
6015
6159
6047
6031
6127
5999
747
715
779
731
795
843
811
859
763
827
875
5905
5937
5873
5969
5953
5857
5889
5921
5841
5825
5809
891
5640
987
907
923
971
939
955
1035
1019
1051
1003
5793
5803
5777
5761
5787
5745
1067
1083
1099
5771
1115
5729
1163
1179
1147
1131
5713
1195
1227
1211
5655
5755
5697
5739
5681
5723
