5645
5644
6154
5994
6058
6138
6074
6010
6090
6106
6026
6042
6122
6156
6060
6124
6076
6140
6092
6108
6044
6028
6012
5996
6333
6317
6301
6285
6269
6253
6332
6316
6300
6237
6284
6268
6221
6252
6236
6205
6220
6204
6188
6173
6172
6189
5658
5657
6141
6077
6125
6157
6109
6093
6061
6013
6045
6029
5997
5646
5641
5866
5962
5818
5930
5898
5946
5914
5850
5882
5738
5706
5978
5754
5722
5770
5834
5786
5802
5690
5673
5674
6282
6170
5689
5721
6314
5769
6298
5737
6186
5705
6250
6202
6218
5785
6234
6330
6266
5801
5753
5650
5634
5981
5965
5913
5949
5933
5977
5917
5906
5897
5881
5865
5885
5938
5970
5874
5817
5945
5954
5961
5842
5869
5826
5901
5858
5653
5922
5890
5853
5837
5810
5821
5833
5929
6130
5794
5849
6114
6066
6082
5778
6146
6002
6034
6098
5762
6018
5986
5746
6050
5730
5714
5698
5682
5666
5642
5980
5932
5916
5868
5669
5900
5884
5948
5852
5964
5836
5820
5652
5651
5635
5636
5685
5701
5717
5733
5765
5749
5781
5797
5633
5971
5939
5907
5955
5875
5923
6302
6318
6286
6334
5891
6081
6145
6001
5859
6049
6113
6097
6129
6065
5804
6017
5811
5973
6270
5957
6033
5829
5909
5843
5925
5941
5861
5893
5813
5877
6254
5985
5845
5788
5827
6238
5772
5756
6222
7112
7192
5740
7144
7176
6174
7160
7064
7128
7208
7032
6190
6968
7000
6206
5724
7096
6936
6952
7016
5731
7080
5708
7048
5795
6904
6984
6920
6856
5763
6840
5715
5779
6824
6808
6712
5683
5699
6888
6696
6872
5747
6728
6744
5692
6792
6776
6760
6664
5676
6648
6584
6680
5667
6600
6568
6616
6536
6632
6520
6552
6504
6472
6456
6488
6440
6344
6408
6424
6360
6392
6376
5805
5649
5789
5773
6324
6308
5757
6292
6276
5741
6260
6244
5725
6228
6102
6086
6118
6006
6054
6150
6070
6022
5990
6134
6038
6281
6297
6212
6201
6196
6329
6185
5709
6265
6169
6180
6249
6313
6164
6217
6233
5661
6147
6131
6115
6099
6083
5693
6035
6051
6067
6019
6003
5987
61
29
13
45
5656
109
