8
18
28
38
48
58
68
78
88
98
108
118
128
138
148
158
188
558
568
588
598
618
628
638
648
3521
3522
3526
3528
3531
3532
3535
3536
3538
3541
3542
3546
3548
3551
3552
3556
3558
3561
3562
3566
3568
3571
3572
3576
3578
3581
3582
3586
3588
3591
3592
3596
3598
3601
3602
3606
3608
3611
3612
3616
3618
3621
3622
3626
3628
3631
3632
3636
3638
3641
3642
3646
3648
3651
3652
3656
3658
3661
3662
3666
3668
3671
3672
3676
3678
3681
3682
3686
3688
3691
3692
3696
3698
3701
3702
3706
3708
3711
3712
3716
3718
3721
3722
3726
3728
3731
3732
3736
3738
3741
3746
3748
3751
3756
3758
3761
3766
3768
3771
3776
3778
3781
3786
3788
3791
3796
3798
3801
3806
3808
3811
3816
3818
3821
3826
3828
3831
3836
3838
3841
3846
3848
3856
3858
3866
3868
3876
3878
3886
3888
3896
3898
3902
3906
3908
3916
3918
3926
3928
3936
3938
3942
3946
3948
3956
3958
3965
3975
3985
3995
4005
4015
4025
4035
4045
4055
4065
4075
4085
4095
4105
4115
4125
4135
4145
4155
4165
4175
4185
4195
4205
4215
4225
4235
4245
4255
4265
4275
4285
4295
4305
4315
4325
4335
4345
4355
4365
4375
4385
4395
4405
4415
4425
4435
4445
4455
4465
4475
4485
4495
4505
