8
30
41
85
96
107
118
151
184
393
415
437
448
459
470
481
492
503
514
525
536
547
558
569
580
591
602
613
624
646
657
668
679
712
734
745
756
767
778
789
800
811
822
833
844
3873
3874
3878
3880
3884
3885
3889
3895
3896
3900
3902
3907
3911
3913
3917
3918
3922
3924
3928
3929
3933
3935
3939
3940
3944
3946
3950
3951
3955
3957
3962
3966
3968
3973
3977
3979
3983
3984
3988
3990
3995
3999
4001
4005
4006
4010
4012
4016
4017
4021
4023
4028
4032
4034
4039
4043
4045
4049
4050
4054
4056
4060
4061
4065
4067
4072
4076
4078
4082
4083
4087
4089
4093
4094
4098
4100
4104
4105
4109
4111
4115
4120
4122
4126
4131
4133
4135
4137
4142
4144
4146
4148
4153
4155
4157
4159
4164
4166
4168
4170
4175
4177
4181
4186
4188
4190
4192
4197
4199
4201
4203
4208
4210
4212
4214
4219
4221
4223
4225
4230
4232
4241
4243
4252
4254
4263
4265
4274
4276
4285
4287
4296
4298
4303
4307
4309
4318
4320
4325
4329
4331
4340
4342
4351
4353
4361
4372
4383
4394
4405
4416
4427
4438
4449
4460
4471
4482
4493
4504
4515
4526
4537
4548
4559
4570
4581
4592
4603
4614
4625
4636
4647
4658
4669
4680
4691
4702
4713
4724
4735
4746
4757
4768
4779
4790
4801
4812
4823
4834
4845
4856
4867
4878
4889
4900
4911
4922
4933
4944
4955
