5645
5644
6154
5994
6058
6138
6010
6074
6090
6042
6026
6122
6106
6333
6317
6301
6285
6269
6253
6237
6156
6060
6124
6076
6140
6108
6092
6044
6221
6028
6012
5996
6205
6189
6173
6332
6316
6300
6284
6268
6252
6236
6220
6204
6188
6172
6141
6077
6125
6109
6157
6093
6061
6013
6045
6029
5997
5651
5635
5667
5747
5683
5699
5641
5763
5779
5731
5715
5795
5642
6018
6034
5986
6050
6002
6114
6066
6098
6146
6130
6082
5859
5843
5811
5827
5875
5971
5907
5891
5955
5923
5939
5769
5673
5785
5737
5801
5721
5753
5689
5705
5977
5913
5897
5945
5865
5881
5817
5961
5833
5929
5849
5656
5954
5906
5970
5938
5874
5842
5657
5826
5858
5890
5922
5810
7112
7192
7176
7144
7160
7064
7128
7208
7032
6968
7000
6952
6936
7096
7016
7080
6984
7048
6904
6920
6856
5794
6840
6808
6824
6712
6696
6888
6872
6728
6744
5778
6792
6776
6760
5762
5746
5634
6664
6648
6584
6680
6600
6568
6536
6616
6632
5730
6520
6552
5714
6145
6081
6097
6001
6504
5650
6049
6472
6113
6129
6017
6065
6456
6033
6488
6440
5985
6344
5698
6408
6424
6360
5677
6392
6376
5682
5633
5646
5666
5658
5693
5709
5649
5725
5741
5757
5773
5661
5789
12
28
44
76
5805
60
108
92
172
140
156
124
5930
5882
5978
5818
5898
5962
5946
5834
5914
6281
6297
6201
5722
5866
5754
300
6329
6185
268
5850
316
252
284
204
236
220
188
6313
348
6265
332
6169
6217
6249
5706
5738
5786
6233
5770
5802
444
428
396
380
508
5690
460
412
492
476
364
5980
524
5932
5916
636
5868
588
5948
5964
5852
604
5900
572
5836
5884
684
652
668
620
540
5820
556
700
5674
716
812
764
796
780
732
844
748
860
828
876
924
892
988
1052
940
972
1036
908
956
1020
1004
1084
1116
1068
1100
1164
1180
1212
1148
1196
1228
1132
5937
5969
5905
5921
5857
5841
5889
5825
5953
5873
5809
5804
5788
5772
5756
1244
1308
5793
1276
1292
1340
5777
5740
1324
1260
